98 1906 .· VII. 1. cz. 11111111111111111111118111111111.

11 111111111111111 11111111, 11111111 11111113111111 &s a besorozoltak
1111111111 111111, 11111111 az 1889. 11111. 1.-11.11.,11.118.11-111111
11111111111111111111111, 1 1111111111111111111111111 11111111 meg:

11 111111111111111 11111111 az 1111111111111111111111111 belii! 1111111
111111111111111 11 1901. 111 11111111 1111111111 1111111111 s az 1908.
111 1111111111· 1-1111 1906. 111 augusztus 31-1111111111111111111111
1111111111111111 is 1111111111 11111111 1 11111111111111111111111, 111111-
1111111111111111 minden 111111111111111 1111111111 1111111111, 1 1111111-
111111111 1 11111 131111111111111111111 1111 1111 1111111111 pedig a·
1111111111 1111111111 111111, 111111111111111111 11111111111111111901.
111 1111111111 31-111 11131111111111111.

3. fi. Ez 3 11111111 1111111111 31111111 1111 13111111 11111111111111111
3 1111111111ιὶ minister 1111111 1111111111. ξ. 1111111111 a 11111
11111111111111111 1111111111 sog 1111111111.

vn. 1111111111111

a 8111111111 1901 1111111111111111111111 111111111151111111111 111111·
des 1311111111111111111111111111181111111111 111111111111111 111111111-

18111111111111 111111 111118. 111 11111111 11311111111111111111 1111111111 1111111111 11111111 11111111,
996. 111 1111111 ho 111111 1111111111 11. 1111111111 11 1011111111 1111111111» 1801. 1111111.
1131111 11111111. 1111111111.)

A 8111111111 1900. 111111111111110-11111111 11111111111111 111111-
11111111111111 11111111111111111 1111311111 1906. 111 junius 11 18-111

θ- ——- —-..- ..- Β -η---ᾳ .--.-- ——- -.--.- —

111111 1906 1111111129-111 22. sz. 11. ιι 1111111111111111 effi 11111111111111111111111111111111111.
11111. 11111111111111.) 81111111111111111111111ιηί 1111113111 1111111111 1811. 111 (1111111111 11
1011111111 11 1811ε111. 111111111111111 11111111 11111111111111 1111111111 1111 111111 1111111111.
E 1111111111 1311111111111111 volt 11 3 1111111111111111111. 011111111111111 11 81111111111111111111111-
11111111111111111 1111111111, 18911111111111 1-111 1111111111111111311 11111111111111111111
1111111111131 1111111111 1111111111 11111111 111111 111111111111111111111, 11108111 (1111111111131-111·
ben 1111111111 1131. 1111111111 11111131 11 11111111111111111111111111111 111111111111111111 1111111 1111-
111111 1111111111 1 111111111111111, 1111111111111 111111 11111111111111 1111111111 111111111111111111111
11111111111111111 11111111 11 1111111111 1111111111 &s 11 1111111111ιί &s 1111111111 11111111 19111. 111
1111111111 1-111 1111111 111111, 3 1111111 1111 1111111 11111111111111111111111111111 11111 1111111111
111111111111111111 1111 1111111111 1111111 11111111111100.1’11111111111118-11 111111 11111
[1111111111111111111111111131 11 3 1111111111111111111131 1111111111111111111111111111111111111111111111
11 1111111111 1111111111 belga, 1111111 11111 11111111111111 is. 11 111111111111111111, 1111111111 11111111·
1110114ε1111111. 111111111111111 11131111 1111111111 1111 (1 111111111111111 1111111111) 1111 ke*
1111111111 111111111111111111111111 1811111111111111131-111 111 11111111 1111111113 11111111 1113113111.
3111111111 11111111111111111111 11113 11111111 1111 111111111ρι 1111111111 11111111 1 1111111 11111111111111111.
11111111 1 811111 11111111 11011. 111 1111111111111 11111111, 1111111111111111. 1111111 111111111111111111
19111111111111111 19111 1111111111111 1111111111111111 1905 1111111111 19-11111 1111111111, 11111
111111111111 11111111111111111, 11111 1111111111111111111 1111111111 1111113 11111111 1111311111
11111111 11111111111111111111. 11111111 1111111111 11111111111113111111 u 1111 1111111111113 1111111111.
111111 1111111111 1111111 1111111111111111111, 11111111 111899. 111 XXX. 1.-11. 111111111111111111 11111
1111111111 1111111111311111 11 1111111111 111111 111111. 1906 1111111 1-111 111111111111111111111111
11118111111111.11111 111111 11111111 1111111111 1 1111111111, 11111111 1111 511111111111111111111·
1111111111.

11111 1111111111, 1111111111111111111. 111111111111111111111111 1111111111111 1113111111111111111 11111·
1111111,1111111111 3 1111111111111 1111111111 11111111 1111111111111111 1111111111111111 1111111111,
11111111111111111[1111111111111111111111111111 11111 1111111111 1111111111 11111111 1111111 111
1111111111111111111131111 e's 1111131 311111111111111 11111111111111111111111111.1111111111
1899. 111 XXX. 1.-11. 1111111111 1111111111111 1111111111 11111111111111111111111111 11111111

 

