19

Az 18811 111111. 1. 1111111111.

111. 1915111. 1. 51130. 11. 11. 11. rond.. 11 1111111111 1111111111 11 1111111111 vngy 1111 y
11111111 1111111111111 1111111111 1111111 1111111111111 1111111111111 (11. T. 118); 1996 1111111.
111797. 11. Β. 11. rond„ 1 11111111 1111111111 111111111111111 (11. T. 615.); 1996 )11. 18
73857. 11. B. 11.1117,788. 111111. rond.. 11 1111111511 1111111111111111111111 111111111-
11111 111111111111111, 11111111 11 11111111111-111111111 11111111111111111111111 megviugfflsm. 13)-
111111111111111111111111111111111111111 megurtffln 11111111 11111111 1111111111 11111111111111
(111718), 116611111.71,710.11.11.11. rond.. 11 1111111111 1111111111 11 1111111 vngy
1111 11111111 11Ιὸ 1111111111111 1113111111 1111111111111111111111 1111111111) 111. T. 1651.); 1966

dect. 11911311. 11. 11.1111.,1111111.11111111111111 11111111 11111111111111111111111-
111111 1111116111111111111111111 1111111111111111111311111. (19117. 8111111111 1171111) 111. 11)

Az 1881111911. 1. cz. 11. 111111.
V. ὃ. 19011111. 18. 1117111911. 11. B. 11. 11.,11111111-11111 3111111111 1111111111111

111. T. 8.); 1961 jul. 1111781. 11. 11. 11. tend.. 1111111111 111111111111 11111111111131 1111
11111111 1111 11111111111111111111 111181111111191111111. T. 10118.)

- 11 11111111. t. 11. 11. muz.
1, fi. 1916111191111111911 11. Β. 11.1111.,1ρ1111111 engadelyeknek 1111111111ςί 111111111-
11111111 111111 111111111111 11111111111111. (11. T. 3.)

111 1881111111. 1. 1181111111.

v. 5. 19116111. 11. ww. 11. 11. 11. 1111, 1 1111111111 11. 111. illumi 11111 1111111111 31111111
&s 1111111111, 111111111111111 m. 111. 1111111 1111 1111111111 1111111ιί 11111111111111111111
§famu 1111111111 1111111111111111111111131111 1111111111 111111111111111.)11. T. 913.)

11 1881111111. 1. 11. 11511111. .

V. 5. 1915 111). 18, 18818. 11. 11. 11 1111.,11111111 111111111111 11111111111111111111111
1111111111 11111111 1111111ᾳό111 11111111111111111111 11111111ηά111 1111111111111111. T. 1111.);
(v. 1. 1916 jun. 16. 29807. 11. Β. Ι. 1111, 131111111111111111111111111111111 1))11111111111111.
111611.)

111881111111. t. cz. 1511111111.
V. ὃ, 191111 9. 8711111961. 11. 11. 1111111, 11 1111111111ςά 11 1 111111111Ιωί 11 111111111-
111 111111 gynkoribb 11111111111111111111111111. (11. T. 769.)

11 18851111. 1. 1111111111. ,
v. 1. 19116111. 11. 891187. 11. Β. l 1111, 1 11111111 1111111 11111111111111111111111111·
111111111111111 11111111111111111111111 11 1111 1111131111 1111111111). (11. T. 1611.)

1118851111. 1. 11111111.
V. ὃ. 1906111. 3. 311618. 11. B. 11. 11111, 11111131 11 1111111111 111111111111111 111Ιὸ 111-
megyei szahssyrendeletek 11111511111111111. T. ⁴52.)

11 18851111. 1. 11. 1. {dhon
V. ὃ. 1111111 nov. 2. 31187, 11. P. 11. 1111.,111111111 1111111111, 11111111 11 1111111 1111111111-
1111111111 1885ι111. 1119119. 1-11111 1111111111111. (11. T. 1317.)

 

