180 1906 .· XXIII. t. 31. Α 11131131313111 1313333131. 1111131131. 3131131.

131. A 13131111 13 3113113131, 1113111131 1113111 1111313331 31113131
113313111131311 1133111311313131 31313113 31113 3 111. 111. 1111131111 313-
113111131 1113131, 33311313133311 13 13111131 1111313131 1113111111111311111-
13311133131113313333 13 1133131331 311111 1113131131 13 3 3111331113113-
1113131 31111311 333113 131133111331.

Ε13 11131313113113133 11113111311313131311, 133113131 1111131111 3131311131
(311111131111133111 313111131131 be, 11131131 3 1331111113 13, 3111313 1111-
131111 3111311131 3 31. 113 11113311 313113111131 1113131331 1313313131
13113133.1

13. fl. 111 31131113333, 13111111331331331113111113111133 31313131 131-
13131311 1111311131131313131 3131111131 be, 31 11311133 1131131311 1131
100 131333 1331111311131 1131311311.

A 113131311131111111131131 1111131131131 3133 1311331111312)

14. 1. ,1113111 13 131111311311313131133 311111131111111313131311313111
13 311131311131, 1113111131 11131111 3111131111 113313111131311 1131111131131313133
313113111131 111311131131131331 131131.

1313113111131 1113111 1133131 11111131131331 31 113311131131311 11111113
13111311313311133 11131131331111 13.

1313113111131 1113111 3115311 1111313131 3113 3111111131 313113131111111
111311133 10 111111. 111111311 111313313131311111 11101) kg. 3111111 111111-
1111311113131, 133113131111 3 313113111131 1113111 3111111131 3131131331131
1 131333133131311111511111111, 33113 311111 11311111311113131, 11131131
3113 311113111 3111111131 313111113311111311 111111.

A 111 1311 11111 1111131133 11111113111133111311313131331 1313133131· 3331
31311111113133311311113111131 1113111 311, 3111111 1111113131 1113111133313331.

11133131 1113131133 1133131111131311 1133111311313131 1131111113313331.

11113131313113111 3 1313313131311111111 1313131131, 1311313331 13 13111131
1311131331 11133133 1131311113131133 1113111133313331131 11131111333331331,
1311 31 1113111331 111 1131131133131133 1311131311311331311113111333313)

11131133111311311111133131131311 11111131111111131133 1131113111 3111133113 31131111 1313131331 1111331,
313113 131133 13 1133133 1111113311113111113 3133113311111 31 11111331111311111 1111311311 13131311
ol 1313111131 1313331311 3113131 13 131313133113 131113 ; 11313313131131131113111,1311 3133 3111331
3113131111311113133 1311331311133 3113113 313111131133311.

1111 12. §- 3131131 3 13131111 11 3113111131, 1113111111 3 11111111 13 1111111311111311113131113 13331·
1311 111311131131313113 31113 3 31. 111 11113311 313113111131 11113111, 3331131 3 1333111313111131

1111313131 11131 3111311 111131 131111113311133 31 1311131131 131131331. 111131 31 131113113111, 3131
133111131111313311 1311111133 31113 ’3 1331113111 111113131131131311 3131131111131331 1331333111, 3331
311 11113331 133113 31111, 113111 1131 13131311333131311113 1111311 3331 111131, 131131 313131131111-
13113131313111113113111313313113111131 1113131131 13111311 13131311 131111333133311 1313131331, 311 3
313113111131 1113131 3 13111113331 3 1111 3 111 1131113 3 111331 13111113113313111113 13111313111333111
1113111131 31111311 13111131 13 31311111.

12111313313113.1-331313113113113131 1311333111 11111113 1111331331. 11 1815111111. 1.-31.
31311113 1313111311111313331 1111313111 3131111111 3111131331111311311311 113111313113331 3111113. Ez
13111111131113131133 11111311131133111 111331 311131311331, 13311 11311311111111. 1131131 111333 13313113
311133. 11111113 3111131131131 1111313131 meg 3 13111133 1111113131 3113131 3131111311111 3 31131 13
111111111111111111111111131111111111111111111111
13113. 1131311 3 sta'tisztikaiya 3131 1111111311133131331331111111 31113 31311, 1311131113111111 31-
1311 1111111333 31 3113131. Α jelen 1111111113133131 111113111111131311131311 13311111311131 111111-
13311 s 31131 1311131311 3113; 13113131111111313 11131311 1131111311 3 1311131311 11111111 131113
31131113331131 131113131111313111, 1111311131 3111111 1111333133 31 3 11113113311131131113311111 3331113
133133111131131311 313131 pomos 131311131331 111133111331111311133.

1311 11. 1. 3 3131131131 1113111131311311313111113113.11 1113111 13131133 3133111 13 133131 11111·
131131 131131331113311131 11111311. 133133 1111113 31331133 3 3131331331 3 3131131111ιί 1113111 3311131-
111 3131111311 1311111113. fl 3131131 3 313113111131 1113111 1111111133 3111111131 31311313311313111-311
1111113131 11113 11 11111113, 2000 kilogramm 31111 11111111111111133113131311 1 1313311311, 33

 

