118 1906 ; XII. 1. 31.Α113111111311-111111313113-33311111. 1. 3331111311.

1. 1. 1333113331 113113333313111133131331 1131131131 3 31. 111. 11133-
1333131 3113111113-33311-3311111 11333113 131111113313311111131111
13 13333 3 3. 111. 111331333131111331-333111133313131331133131111133
1331311313 3111311 3 111. 113. 111331333131 Csap 1113313111, 3113113113131
111810311111111111111Ιό31111131111313118111111113131111111131111311ΧΙΙ ἐς az 1888. &Vi

3133131111 311313 1333113111 1111131133131 113131311133331131113 3 3133131111 3111131331 31 313-
pon 1333111 11311131 31111 31133. 31331113 3331311111111113111 3331111113 13133Ι 1131113, 11133131
a magAnjogok 3113131331 1311131131 11131131113111 13113331, 13311 3111131111 31311113 3 113111 111311
13331 3311111111 31131 1111111. 111 3131133131 17-13 3 11113113133331 11 113131311. 1133113133 3331
3133 313111 1111313333 3331111313ηά1 13331 3 311111 13111131313111 111311133111331311113113113
1331113311 1111311313313131 1311313111 31113113311331. 11111131313111 11113111 13311 33111113311313
1111111131(1113311311,ιί 11111 3161111111-111Ι ι1111311 3111111111311 3313111131131 1311113131 13111333131111 31
V 11 V S 1.
⁸ A ¹la 31111111111311311331311111118311111111311131[1111313131 1116111 1113131131 1333111 1311111311
133313 m. 111. 111331333131 1131111311 1133131111 1111311131 3 311311111331113331131 13111
1113111 133111 11111313113 1113313111,13313 3 31113111113-113113333311311 13111 1113111 133311131133·
333131 1113313111331311113313111 3 3. 1111. 111331333131 31113111113333111131111133113113 13116
111331 331111113111113 1113133 3 m. 1111. 111331333131 111331333ρί 1333131313311331 3111111133 1331-
31131313311311,0331111133131113113113111311311111133111 33131. A 3131113133 3133111131 1113311311
113 3111131 133131131311 131311 3133 311133113311 1333131 11131131 111 1113311131. 3 1113131·
33311131113111133111311313311311 3313311131 1131313111313311. 113133113111 3313113113 1113113
3313111133-1133, 3 133131313113111331111 11311111 11311113 31111 1111113 31111 1311311133 1113111131311 1331,
11133 13113133 31331133 111113133331110 1111131113 331311 11311 3131331133 13 133133131131311. A 13113-
1113131331131 1311 1113 1333 31111 3311131331 hig 31311113 3131331133 31311311 311 3111113 131311
1311111133 3311311 31131131131111, 1311 11131131111111 11111111 1113113313 1311313313 31311 3111131-
313311311313311311011111131133111313131133 1313113311 11113 3 1111311311 111 111331331, 1113113
1111111 13 33111111311311 1313311131131; 1. 1111111131 131 ὁ 11133113 1313133 11111 311131 13331133,
1111111311 1113313 11313133 35¹ 31131 1333113311. 1113111 131311 3311111311 131313315111311111
1333311331 111311331313131113311111111311’1313133 11111 311131 1333111311, 5. 11311-1133111111113-
313 11113133 1011 131131 13331133. 11. 1111331311 1313111 11131313 13131311 11111 11111331133311133,
111-31111 131311111331131313133 200 31131 13333133, 8. Nagy-Dobos 13113111 11133113 1313133
,111 31113113331133,11.1113131311 11131313 1313133 21111 31131 1333111311, 111. 1131313131 31311-
11111311 13131133 ’111 31131 1133311133, 11. 1111133 13113111 11131313 13131133 11111 1111131 1133311133, 125 113111·
11ἓ111.1“1111111311111 111111211111111111111111111111111111111
313 131313133 210 1111131 13331133. 111. 11313-811.·1111133 13131111133131111313113311113113113331-
· 13311133131113111. 111.11133133313111311111111 13 13311 333113131131 1113311331,131111113111311-
1113-1-13113333311311 1. 1. 13331 1131133333131 11133133 3 33311313113 1311113 3111111 31111” -
1311111331 113131111311313. 11131113 1111111131131, 3 3131133111. 1113313311131 711331 1311113133 3311111-
1311333311311311 1311111311 1111111 1113311131311. mig 3 3113311113-31113131131 11. 1. 133111 11111-
31113 11133133 31111 1. 1. 333111,131331313 13331311 3131313311113131131 1. 1. 13331133113131131-
331131311111113131113111133 3311313111 313 1131113 11 13 131131131311.

A 33 111311--111111313113-333111 113111 1113111 13331 11111131 13 113113133131131 1111111133
111113 5,- “1.11111113131111133 11311113 11111311331111133113111111311 1313311133 113111131311 111 ,31311
11111111 1311131311 33111111 133133131133111111111 1131333 133113131311113131 1111113113 11111110 31333]
31133311 111131 11313111 111113313133131 333113 33113 3111131133 111131313ιό 13 1131111111 33313133-
1111131 1111311313 111113 1333111313111131 &omo 131333, 1111131131 1113113113 1131111 11 33-
3331 11113 13113111313111131 15111111 131333 volt 1111331133111. A 131131113131131 1131111111 1131311
3 13111 11113111 3333111311 3 11133311131 1113113333 3111311311 3131111311ςί 1131133131111 13 3131311131·
113111,31131313311131 331131 1111111133 31311311, 1131111113313111331 333113 31 313111311111311131311 3
1333331131111113113131111 13 3 1133311131 113113333113111131133 1111131331. A 11111111 1311131313
1111 3313113113313111 13113313111331 3113 1133131311 1331311313 1331133 1311311131311131 3313133111..
111 1511111111 131333 1111131 1311113113133131131131131331113 1313113113 31 181111. 111 11, 1.-31.
11111331113313113113113311113313 1113 35111-3, 331113 1113131113 1,11111.111111131333 1131111,Ι 11113-
11313131311, 1111-3, 1311113 31116111131333 3131111 113111 711113-33 11133311131 1113113333 3113111311
11113 3311311113 13133111 bs 1333131113 33111 313111311111311131311333111313133111.111111111111113-
1333 1111311311131 1313113133 1113113ιό 1113131131ςὶ 13111111311331 11113311131131ε 8131311111313113
113111611111111111 K, 113111131111133 11311111 11811110 A· 1111311131 11311111 11811111111311311113-
1111311 11311111 1111111110 1, 131133 1311111311 311331111131131 15111111 A, 133133311ῑ 1111111011 Κ. ’

11 1888. 111 11. 1.·31 1. 131. 131 31311113 1331131311 3111111111111131131113131131133111333111131-
1111 113311 1311111311331 11113311131131, a) 3133111111131 11113111133313331 1111311313131313113-
11311, 1113113 3 13313311111113 1131131133 3311311133 1131111111 31131311 3113133113 1113111311 1111 1133
11 1113133111 111 1111111 K 1111111111 1( 1113111111ο3; A) 3113111 1113111 1333131 3311113113113 1331311
1111311131131 111Ιό3 3133131111 3111333331 511 11133 11 1181111 Κ 1111111111 11 1113111111311 3111111113331,

 

