1906 : VIII 1. cz. 3113133333333319313333331333 8313333331. 99

Ζ331333331333333. ‘

1313331313-133333333333 33 833333 133311 1313331111 311313333333311331
3333333333331 mai 33333 1331331 31313333 3113133331 3 3331311131 33333311
333313333333113163,1133331333 33113113331313133 33333113331333131 133131-

3 3333 33333 3333 e:

I. 1331111131 3331133131, 33313 333313133 313 33 13311 1333331. 3313333131
33 31311 vad 83313313331313311313 33131133 1113133 3311131 3331311, nem
133 331133331 3333333131.

1333133333 33331 133331331 83333313 3313 13311313 131131313133 33 3313131
333133131 13313313111. ’

1. 13 1. 33111133 3333311331311 3113113333133333, 33133313133311333113-
1331 1333313333 33333 133131333 1313313333313331333311331333311313131,
3333331133 33 3 1331 311311333333133 3333333133131 1333333ῑὸ 3333313
3113311333 333311 1313113331 3311133333 33 31133 3 13113131133 3333333 3
33133131131333331131333333331 33313333133113131331 33333333331311313, 3
33331133 13133333 33333133331 3113311333331333333133333133311333133313-
331313 1333 13333333.

3. (13333313333133 13313331 33 13331, 1333 3 83333313 1333313 133113133
133331131133333113133311113333331 3333333331 1313111131 3 3333331 1313333331133-
. 13113133331133111, 3313333 1333333133 3333 1133133 3311111, 3333133 3331111-
13333331. Ε3 3131 333113 13333333333131133, 3313331331 33 3113131331 313133
3333113313 11331333 3113133331333 1133131331 helye, 333313333133133-
133311 13331333113 meg 1311 1331333313.

1333331333 33331 31331, 11131, 333133313333131 13333113331313333
1133113331313 1333333333131 33 5. 33111133 33333113311311 13113131313331311
1333311313333113131, 13 1333313311 3333133 3331111131331 3 3331331 3333
11313133.

13331313-1133333333333 131313331133331 331131, 1333333313313113113333
13331, 3313333131 3333 1333333333 3331 313 3333311313133 33131133331
1333313, 3 3331331313 33333113331 3333 1133113331313 13333333331311 333331
3331131 113131131. 3313331311333 33111333 333133 33 3333 1313333333333-
1313133333 13333133 3133333133 3333131313333333333113333131313 33311333-
131331 31131333313333331. Α 3333331133 3331 3 3333333131331 nem 33333-

3313333333333331, 3 33333333 131313133311131 13331 331311333313133- .

331133313333111333 3331333 1331331331 333331331 3331333331, 1333 3
3333313131 133113131133313331 33 3 333133113133 1113113133 3113333331331
3333111133331.

1. 113333113131 13311313 333133 3 33331133133, 3 [33133133 33333313
3313133333, 33 311313133 33333333 1311313131 1313331333 3331333 nem 133311-
13111 meg, 13 33111313 33331111 1331311 31333333131331131113131333133311.

113 3333331331 [333311333331 3333331 33 3331331 3333 3333333 3331111131
133311 3131133 nem 133 1111331333 1313131.

1333331133 3333313 33331 33 313331 133333131311313 3 3313133 133-
13333 13131 3133333331331 13333 3333 33133 33131113 1313133333, 33 3331331
3333 3 3333333 33311131 333333333133 3333133331 13133331133311 3113333-
133 3333331131, 3313113333331111 311333 33311131.

11135. 33111 33333311 131333333133 3313311 1333313333 33 3331331

71

 

