66 6906: Vll. 3. cz. 11333313113113113333331133 8331333331.

3) 333331313333 33331, 13113 1331133 1313331331 3133 3 3113131;

111 3333 1313111133, 31313331 3113133331 3 11333131 az 31313 11333333 333133
13311331333333333,333333333313313331313133331131131 313333 1131113111, 13-
33313 3113131331 131333 3313 11311313 3333133131331133 31113333 31131333333
31311 3331 13 3313133111.

113311 1131331113 3333331331111331 1333311111 1333113133.

3) 13 3 113331131113131111111113133133 31313 3 3113331 33 311333333131113-
33131 1133131331 113333 33111 1131131 3333 13313133331133 3313 3113133333
333331311311131133331; 3333 1133131 333333333333 333133 13333331 31131,
1333 3 1131331111 3313331 3331333113 3331133331, 31313313 131333331331
13113113131333113 1331333133 3331131333 113111 13333 31133331 13133-
33133113333 311113313 333331113131331133 3331333 31113133333333313-
133313113313333333133 13331313113331311 3333131333 13333 3111113333 3
1131331331 11311333 333333 3 ,3311133333 1333331313331333313331

8. ,1. 1113 33311131, 1133331133313311333133333, 3313113133. 13131 3131333333
3333 13313133 3331331111, 3333113 13331333 3313 1333331111 vagy 3331133113
3313 1131333 333333 3 11313333 33 3313 13133133 1313111133 1333133331333331,
3 3333311311 13131 3 111331133313331333333311333113331131 1333;

11 3333113, 13331313. 3131113133, 1313133333, 3313331333333313 yagy
1131313313 33331 31133311131313331333313 3113133333133133111111 13331333
3333 311313 33133333333331331 1333333313333133311331133311311, 3 33313133
13331333, 31331313, 331313333313, 1313131333333313,11313133133333333313133
3313 1331131 1333333331333311, 3 1333331133 3113 3333333133131311113313333
3333113331133 3331 1133333

11333 13133331 31311’ es 3 3333331133 33331 131133333331 3331 133331 3
333311313331333,13331333331311313313 1313133333333313 1333 1131313113
33333 3113331 3 33333331 1333333 33131133 331311333133 3313133133331.

ΙΙ. Ha 3133311113 66 13331313 33331 3113331331 3 13331331313333311133
3313 311133133313 13131 31311131 13333 113313113ῑό 13133311113131313333
3133131131333313 3311111; 13333333313311, 1333 3131333313 3333 1113331313
33333 3331 33 31333133 1313133133 13133313131313133331133331331, 31133133
3 13133331333331113313133 3313 1311133313133333113311333 3333· 1313131333
1333331313313113131333111133331311131 33313 1333113331 3133333 teljesittesse'k.

,1133311333131 3 [1333133311 3331333 11333 31 31313313333133331333
131333331133331133 13133333 313333.

111. 11331313133311113131331 3 13331313 1331· 31331313 33333 3113331
1313331331 3333 11133331 1131331111 33111 1333 3333 333313333331133333333
11133333111313133 113333 311313 3 11. 31333 3133331113 131313333313 3313333
33133 1313331313111313ς 31131· 3 13133131333311133331 133311333131 3 3331
131 3 133313 33 3113331 31131331 11313333 1113133333133311331111 13333331
13133 3331131 313313 k6zeg 1311333311 33 3111133333311333331313333333111.

13 353331 1333· 11311331 3331113131 1333311113113133131 3333 11133311

1333113331 31333313 66 3113333133 133111313111113113111131311331333313113-
1333 13131111 313311331131313 3331131131 1111111133 3113113333331 333333 6
szab6lyszer6 11111113131333311 13331 331313331331331 3331313331131133 3133-
1113313333 131331311113313 1313133331 133331331311313333111113133313531
vagy 33 3113331 33313313 egy 33313 3311333 33333311 1331333 331

1331 31 11111111113133131 3 1133111133 13331331333331331313113133313333
1111313331 31131.

 

