111 1906 .· X. 1. cz. Ρ11111111911111111111111111-811111111111111111111.

1111111111 1111111111111111 1111111111111111, 11111111 11 11 1 1111111111
1111111111 11111111 11111 1111111111 111111111111111111 1 11111 111111
11111 11111111 1111111111.

4. 1. A 1111111111 11111111111111 11111111 11111 11111111 1111111111
1111111111111. 111111111111 Η11111 11 81111111111111 ,1111 1 111111111
’1111111111 11111111 1111 111111

5. g. 111111-81111111111111111 11111111111111111111111 11 19111. 1111
1111111111 1-111 1913. 11111111 111111-811111111111111111111111111111-
111111111, - 1 111111111111111111111111111111111111 11111111 6. 111111 11111-
1111111111 111, - 1111111111 1111111 [111111111111111 111111111111111111,
1111111 1111 11111111 111111 1111111111111111111 11 111111111111111 meg-
11111111111 1111 1111111111 11111111111111-111111111111111 11111111111-
111111111 1111111111, 1 hova 1 1111111111111111111111111 1111 1111111111
1111111111 11 ’1.

111111-1111111111111111 111111 111111111111111111 1111111 11111 1 11111
1111111111 11111 1111111111 111111111111 11868. 1111 XXX. 1.-11. 11. 11
11. 1-1111111111111 1 11111 111111111111111111111111111.

Η11ν11-5111111111111111 111111 111111111111111111 11111111111111111111-
1111111 1111111

1. 11111111111111111 11111111 111111, 1 1111111111 11111 1111111-8111111-
1111111111111111111 1 111111111111111111111 111111111111111111111,11111
11111111, 111111111111111 [11111111111111;

1. 111111111111111 11111111 111111, 1 111111111111111111111-8111111-

*κῇ-βω--

11111111111111111111111 111111111111111111111. 11111111111 1111 11111 11111111111111-811111111111·
1111 111111111111111. 1 111111111111 1111111111 1111111111111111,11111111111111111111ς 11111111 1111111111
1111111111 11. 1111 1 1111111111 1111111111 1111111 a 111111ιί1111 meg 111111 1111111111 11111111111111,1
11111111111111111111111 1111111111 111111 1111111 11111111 1111111111. 11111 111 11111111. 1111111111 11111111,
1111111111 11111111 1111111111111111 1111111111 1111111 11111111. E 1111111, 1 11111111 1111111111 111-
1111 111111111111111111 111 1111111111. az 11111 1111111 1111111111111111111 11111111111111,11111ι1
111111111111111111111111111101111 11111111111111. 1111111111 1111111111111111111111 1111111, 1111111
1111111ιί111 11111111111111111 1111111111 1111, 1111111111 11111 1111111111 1111111 1111111111 1111111111 11
1111111111 1111 111 11111111 11111. 111111111111111 111111111111111 1111111111, 1 11111111 11 11111
1111111111 111111111111111 11111111111111 11111111111111111111111111 11111111; 111111111111111111111
511-11 11111111111111111111 1111111111,1111 11111111 1 1111111111 1111111111 11 1111 11111111 111111111111
11111 1111111111. 1111 1111111, 11 111 1111111111. 1111111111 11111 111111111111111111111. u
11111111 11111111 11111111111111111. 111111 11111 11111111 11111111-1111111111111111 11111111 1111111111111
11. 1111111111 111111 11111111111111, 11 1111111. 111 11111111111111111111111 11111111 11111 1111111 11111111·
1111111,1“11111111 1 1111111111111111111 ne 1111111111 1 11111111111111. 1 11 1 111111111111111 1-11 διε.)
1111111111111111 1111111111 1111111111111 1111111111 11111 1111111111, 11111111111111111111 1111111111
1111111111 1111111.

1111111111 11 1111111111111 most 111111111111111111111 1 11111111 1111111111111111 1111111111111111

is, 111111111111111111 11111111, 111111 nem 1111111111111 1 1111 11111111 1111111111 1111111111111 11111111
1111111111111111111. 1111 11 18111111 111 111111111111111111111 1111111111 [1111111111 111111 111111 18119.
111111 1111111111 1111 11111111111111 11111 111, 11111 111111111111111111111 111111111111111111, a 1111111111ςί
111111 1111111111111111111111111111111111111 111111111111·11·111,1 1111111111 1 1111111 111111111111111
111111111111111111111 1111111. 111 111 1111111111 111111111111111 111 11111111 1111111111. 1 1111 1111111 is
1111111111 1111, 11111 1 1111111111 1111111111 1111111111111 1111111111 11111111111111111111111111-
11111111111. 1111 111111. 11111111111111111111111 11111111 111111111- 11 1 1111111 11111111 1111111111
11111111 11111111 11111111 11111111111 111111 111 -111111 1111111111 11111111111111 111111111111 1111111-
11111111 1111111111 1111111111 1111111111 1111111111111; 111111111111111, 1111111111111111111111111111
1111111111 1111111111 1111111111 11111111111111111111111 11. 1111111111 11111111111111 111- 1111111-
11111111.
J 111 111Ι 1111111111 1111111111111 111111111111111111111111111 111111111111111 1111111111 1111111311
11 11111111111111111 111111111111111, 11111 111111111111111 11111111111111111 1111111111111,111-
11111111111111111111111 111111111111111111111111111
1111111111 1111111111 1111111111, 1 11111111111111111111 111111111111111111111111111111111111. (1911611911.
111111111111 1111111111. 10111.) ·

 

