13

,11 1885111111. 1. 1111111111.
V. 1. 1901111. 11. 11538. 11. 11. 11. 1111.. 11111111111111111111111111 111111111111111(11.Τ.

159.);1901111.3. 71333. 11. 11. 11. 1111, 11 1111111111 111111111111 1191111111111 (11. T.
1111,); 1111111111. 1. 1. 11. 111, 1111111111 1 m. 11. 11111111 e· aenum-unua>
1111111111 1111111111 (11. V. 873); 1906 111111. 1. 6391611905. 11. F. 11 1111.,11 1111111111
1111111 1111111111 11111111 11111 1111111 111111111111 11111111111111111 1111111111 11 1111 111111·
11111111) (11. Τ. 181.); 1900 111111. 28. 3³‚000. 11. Β. 11. 1111, 11 11111111111111111111 1111-
111111 111111111111111111111111111111(11. Τ. 119.)

11 1885111111. 1. 11. 85. muz.
V. 1. 1901111. 1111111111 11 F. 11. 1111, 1 1111111111 1111111ιέ111 1111111111111 mim 111111

111111111111 1111111111111111. (R. Τ. 369.)

11 18851 xxm. 1. 11. 1154111111.
11.ὃ.1903)11.16.11,918.11.1·“. 11. 1111, 1 1111111111 1111111111 111111111111 111111 111111

111111111111 1111111111111111. (11. Τ. 369.)

11 1885111111. 1. 11. 18241111. ·
V. 1. 1905111116. 13918. 11. F. 11. 1111..1 1111111111 1111110111 1111111111111 minu 111111

1111111111 1111111111111111111. T. 369.)

11 1886111111. 1. 1111111111.

V. 1. 1905 nov. 90 58:163. 11. Β. 11. 1111, 11 iv. 111111 111111 11111111 1111111111111. (11. Τ.
1133.); 19061111. 31173 113. 11. 1111, 1 111111ῃεί 11111 1111111111 11 111111111111 111-
1111111111111. (11. Τ. 103.); v. 1. 1006111. 11. 11911111 11. 1111, 1 111111111111111111111,

1111 111111111111111111111111 1111111111 111111111111101. Τ. 608); v.. ὃ. 1906 jun. 11. 18913.
11. Β.11.1111,111111111111111111111111111111111111111111 1111111101113 (R. T. 113.); 1. 1.
1906 jul. 11. 1019111. Β. 11. 1111, 111111111111111111111·11111111111111 11311111111111111111111
(st Τ. 1001.) <

11 1886111111. 1. (11. 11. mot.
V. ὃ. 1906 111. 3. 36619. 11. B. 11 1111, 111111ςί 11111111111111111111111111111111111111111
1111011111111111 11111111111111. (11. V. 132.)

11 1886111111. 1. 11. 25. 111111.
V. ὃ. 1906. aug. 2 mm. 11. Β. 11 1111.,1 1111111 1111 111111111111111111111111111111 11111

1111111111 1111111111. (1. 1. 1111.) v

11 1886111111. 1. 11. 83. fidum.
V. 1. 1906 aug. 2. 5161111. R 11. 1111, 1 1111111 1111 11111 11111111111111 1111111111 11111
111113111111116111111111111111111. Τ. 1009).

11 1810111111. 1. 11. 88. muz.
V. 1. 1906 111. 3. 3661911. Β. 11. 1111.,1111111111111)111111111111111111111111111111111111
111101111111111111111111111111.111. Τ. 131.)

 

