1906.- VH. 1. cz. 100110110101111011 8111111111. 35

11111 1111111111 11111111· nyelvii 11111111 1111111 1 1111111111
O 81111111 11111111 1111111111, (3111111111 111111 111. 1111111110111
apostoli 1111111 1111111111,

1111110111111111181111111, 1 1111111111 11111 1111111111 1111111111, 1111111 011111111111111111111·
1111111111 11111111 1111111υὲ1111 111111101011. 1801111 11 11 111 1111111 1111111 111 1101111111
300-600 111111111111111111111110111 11, 11111111, 1311111111 1111 11111-11111111111111111111111-
111111111, 11111111111111111111111111111, 11111111 1101111111 1111111111 100-100 11111-1111111-
111101. 11111111, (1111111110 11111 111111 11111100111111111 1111111111 030 11111111111110111011.
Kagyobb 111111γί11110 11 1111111111 1111111111 11 1111111, 1111111111 1111”11111111111111(11111111111
11011111111111111110. 111 11111111 1 1111111111111111 1111111111111111111111 11 1111111111οᾷ
10101111111111111111 ’1111111111κεί 1111 1111111111 van 111111101111. 11111 111111 1111111 1111-
1111111101 1 3000 1111-1. 1 1111111Ἐοηο 1111111 1111111 1111111 1111111111, 111111111111111111
1111111 1111111111 111111 1111110101 meg 1110111001. vagit! nemely 11111100111111.-111111 -
111111 1111111111 van 11131111111111111. melyro 11111 1111111100 a 111111011111111111111111101113
1111111111 1115111111 11111111.

011111191100111111 11111111 1111111 1 1111111 quim 11111111111111011111111111111090111
1110111111 111111 10000000 1111111), 1111111111 (381000 11111), 1111111111 (101000 111111), (11111111-
111 (311010 111111). 1111111111 (801000 11111), 111111 1113111111 (10000 111111),11111111,1111111111-
111(1100011111111111111111111 (6011000 11111). 811111 11) 11111111111111111111111111111
1111 11 111111111111111111111. 1 111111 (1001. 111 1111111111 1111111 1111111 11111), 11111111 (181000
11111), 1111111111 (11011000 11111). 1111111 (1111000 11111, 11111111111111 111000 11111), 1 11111-
1111111111 [1011111111-1111] (1 1101111), 110111011111 111 1111111111ηο ( 000 11111), (111111-
1101010110,1110110111 111011111111
11 11111111 (1100000 11111). 10111 (130000 11111), 1111111 (1110001111).111111111111071000
11111), 11111 (1111111111υο (101000 11111, 11111 1111111111 (1110001111). 111-11 1111111111310001
11111), 111111111111 (138000 111111), ga 111 11 1111111111111 (56000011111111111111111111 1111111
111111, 11111111111111111 1 5110111 1111 111111111111111111 1011111111 11111111110111111111,
1111131111[111011111111111Μῖ 11111 11111111111111 1111111111ξί
201111111111111111111111, moly 11111111 11111111 1111111111 1061111111 111111111011111111111111
10 1111111 111111111111111 11111111 111111. 1 1111111111 11111 1 81111111 1111 1111111111 1 11111111ηό-
11111 111111 1111111111111 111111111111. ’

Β) Tarisa.
(1111111 a 1111011ἥί1111 1111 1111111111.)

ιὲω11ξ’11011111(,1ἰίοιι1111 1111 11111011111 111111 11111110113111111111111 111111 1 11101111 1111111111
1 1111111 1:

1111111111, 1111111 11 1011111111 11111 8111111111 11 1081101011 11 1111111111111111111111111111-
1111111. 811111 111111 )111111111111111111111 (1111111111111111111111111111.

111111, 111111111111111, 111111 11111111 1111111111 1111111 11111 1111110001.

111111111111111111111111111 11 1111111111 111111111110111 1 110 K 1111111111 11111111 11111111
85 K 1111011111 1111 1111111110110.

1 811111 egyik 111111011111 11110111 1111111111111 (11111111111111)(1111111111100111117011111.)
1111111111 1111111101 111111111ῑ 1 811111-110 1111111 12 11111 111111011οο meg 11. 1111111111
110Κ11111111111ς11111111111111,111111110111 (1111111111 (11111111 11)1)111111111111 11111111
1111111111 011511111110011111111115011111 11 y 11111111 (1111111111001511101111111131
1011111111 12 K 11111 111111111011111 11 1111111111 1011 11111111 11111111.

1111111111 11 111111111111111111111 100 K 111111 125 K-rn 111010111111111111111 101 K
1011111111 11111111 111111111; 1 1001-111 nem 1131111111111111111111111 11111111111111111111111111
111111 11311 11-111 1111111111υο meg.

11 1111111111111111111111 11). 1111111 1111111111 11111111 111 131. 11. 1. 1111111111)ι leg-
11111 1013111111 1111111111 10, 1111111 31 K 1111 111 1111 11 1111111111 111111 11 1 1111111 1111·-
11111111 83 K 11111111 11111111.

1 131. 11 131. 11. 1. 1111111 111111111111111811. 1 11111-111111111111111 (1111κί101110) 3611
1110111111 11111 1111110010 meg 1 1110 K antonum 11 11111111 11, 1111111 ’11 K 1111111111 1111-

11181ῗ1111111ι-111111111111111111111101 11111111 111111111111111111 111111 1111111 11111111111 300

11-11 1111111110110. 1111111111 1 (1110111111- 1111111111111111111111 011111111131111 11 1111111111οο.
1111111115-111111111 1111111 0 K 11111111 111111 1 1111111311 K 11101111111111111111111-
111, 1151111111 0111111111111111111111111 11111111111111111 11, 111 11-11 1111111110110.
11111111110111111111 1111111111 1111111 11111111 1081111111111111 11111111 11111111, 1111111111
1 1 111111111111111111111 1111111111111111111111, 010 11-11 11111111101111.
11111 11111011 1111111101 1111111111111111111 1 1111111111 1111111111111111111111111. A 0111111111
1111111111 111111110111 11111111111ε 11 agyos, nyors 111101111111 10-10. 1111111 38 K 11

311

 

