1906 .· ΧΠ. 1. cz. A 1191111111-1111111111-111111. 1. 1111111111. 117

2. fi. 11111111 1111111111 11 1111111111 11111111 11 1111111111-
11111111111111 1111 1111111111 11111111111111111 11111 1899111111.
111111 11111 1111111 1910 1111111111 11 31-111111111111111111111.

311 1111111 1111111111 111111 le'p 11111111.1111111111111111 ,
111111111111111111111111 meg.

x11. ’1111111111111

a mmmm-mmmka-‘ffiasshf' 111111 1111111111111 111·

(8111111111111111 1911. 111 1111111111 11 mn. 11111111111111 11191111110111111111111111111
190ss. e'vi 1111111111 5-11 11111111 5. 11111111.)

1. fi. ,1 ministerium ezenne! 111111111111111, 1111 1 1. 111. 1111-
1111111 1111111111 11111111111 1111111111 1 1111111111-11111111111

1111 abban 11 1111 11111 111111 is, 1 111111 111111111111111111 111111 1111111111 11111111,
1111111111111111 1111111111 1111111111111 1111111 [1111111111 1111111111. Ε 111111 1111111111
1111 111111 1111111 1111111111 11 1819111111. 1.-11111 11111 1111 11111111111111111 11111111-
mni. 11 nem 1111111111 11111111111111111. 1111111111111 111111. 11 11111 1111111111·

1111111 1 1111111111 1111111111111111111Ι1111; 11111111111111111 1111 111111. Α 1111111111

11111111 111111 11111 teu 111111111111111 1111111111 11111111 1111111111 1 1111111111 1111111111
111111111111111111111 1111111 1111111111 11111111 ek 1111 1111111111. 11111 1 1111111111·
1111111111ςί 111111111111111 1111111 111111 1111111111111111111111111111111111 111111111-
aig 11 1111111111111111 {aenda 1111111 1111111111 1111111111 11 1 111111111111 111111111111111

P 0

111111 111 1111 1 11111111111111 1111111111111, 11 11111111 os 1111 11111111111111 11111 111-
11111111.1111111111 “ἷ““11“ῗὲ11111111111111111111.ἴί
1111111111 1111111111 111111111111111111, 1191 1 111. 1111111111 Ι11 11 11111111 111111611 ’1111111-
111111111111111111111 1199111111. 1111111111 1111111111 1111111 11111 1111111111 11111111,
1 11111 1111111111 11 11111 11111111111111111111111111 1111111 1111111111 11 11111; 1111111 11111-
11111, 11111111111111111111 1111111 111111111111111111111111111111111111111 11111 11 mog·
11111111 1 1111111111 1111111111111111. §.); 1111111111 11 1111111111 11 1111111111 11 11111111-
11111111111’1111111ἰ1111*11111111111111111111 1111111111ῗὲ
111111111111111 1111111111 [1111111111 11 111111 11 111111111111111 1111111111,1111111
1111111111 11 1911111111111111111111111111111111111111111 11 11111111111111111111 111111 11111, 1
1111111111111111111111111111111111 11111111 111111 11, 1 1111111111 1 111111111111 111111111111111-
111111111111111111111 111111 11111111 1111111111. Em 11111 1111111111 111, 1111111111-
1111 11111 1131111111 1111111111 nem 11111111 11111111, 1 11111111111111111 1111111111 be 111
11111. 11111111 1111111111 1111 11 1111111111 1111111111. 11111, 11111 1 1111111111111111111 1111
1111111111 181θε 111111. 1-11. 1, 1111 11 1111111111 minister 1111 111111111111111111111111111
1111111111 111111111εὸ11 11 111111. 1. 1111111111 1111111 11111111111111111111111111111111-

turning 1111111111 1111, 1 mig 1 1111111111111111 111111111111111111 1111111 vesti: 111111 11111-

11111 111 1911,111 11111111131-1111111 is 11111111111111. 111111 pedi 1111111111. (t
1111. 11.-85.11.11111. - 111.11111111111111916111. 711 .11. 1111111111.
1111111141ιίἓν1111111 1111111111 111 m. 111. 1111111111 1111111111 -111111 1111111111 1111111111
1.1.11111111111111111111111 1111111111 1111111111 11111 1111111111 1111111, 1111111111 11111-
111111111111911. 11 1111111111 1111111111 11111 11111111, 11111111111111 111111111111111111111
1111111111111111 1111111111 meg, 1111 111111 11 1111111111 1111 11111 111 1111111111111 11
111111 111111111111111111, 111111111111111 1111111111 mette 11 1 mut 1111111111111 11111111
111111111111111111111111111111 1111111 1 1111111111 1. e'. 11111111111111111111111111 1111 1111111
volt 11111111111111111, 1111111111111111111 11111 en 1111111111 11 1881. 111 1111. 11 11 18811
111 [V. t.-cz. 1. 1-111111111111 1111111111111111111111 11111111, 1 1. 1. 111111111111111111111
11111111111111111111111 1111111111 1111111 1111111111 11111111 11111111. 1111111111111111

111111 11111111 a 1111111111111111 1111111111111111111111111111, 11111 1111111111 1111111111
10*

1111111111 111111111111 1111111111 1111111111, 1111111111111111111111111 1111111111, 1111111 111181,
)

111111111111 min. 11111111111111111 111111111111111111111111111111-

 

