’1906 .· Χ. 1. cz. 111111111119111111111111111111-811111111111111111111111, 115

111111111111111111111111111111111111111,1111111111 111111110111111 1111111111 1 1111111111
1111111111 111.111111111.11111 1. 111111 11111 1 1111111111 1111111 1111111111 Solo-II 11111 1111
tangeri 11111111 1111111111111 11111111111111 11111111111111106.1111111111111 1111111 111-
1100000 II 1111111 1 1111111 11111111111111 11111111111111906.11111111111111111111111
1111 111111 11111111 11111111 1111111111 1111111 111111111111 1111111 111111 XII-ban 1111111111
111111) 111111111111 1893.1111111.1.-1111111 meg.
1111111111 1111111111 11111111111111111 1111111 9. 1. 11 1888. 111 IV. I. 11. 7. §IIII 1111
11111811111,111111111111111111111111111- 111111111111, 11111 1111111 1 111111 1111111
11111 1111 1111111111111111111111111111111111111 11111111 11111111111 1111111 11 11111111 1111111-
1111111111 111111111111,11111111 11 181181111 11111 11111111 600000 11111 (300000 In)
XXII. 1.-11. 1111111 1111111111111111 11111, 1111111 1111111111 meg 1111 1111111111, 11
111 1111111111111 11111111 111111111 111111111- 1901111111111111 1111111 111111111111.
1111111111 1111 111111. 10. ι1.1111111111111111111111111 11111111111
8. ξ. 11 1898111111. I. 11111111 11111 11111111111 1111111111111111 111111111111111
111111111111, 11111 1111111111111111111111- 11111111 meg.

x. 11111111111111

a 11111111011111 11 Η11111-81111011-011111101111101( 111111 1111111111
1111111111 1111111111 11111111111111116110

(8111111111 11111 1900111111111111 89-11. 1111111111111111 1011111111 Τ1111111ι111 1906. 111
1111111111 111 9-11 1111111111. 1111111111.) ·

11 1889. 111 XL. I.-czikkben 11111111111111111111111111111111,1111-
111111 1111111111, 11111111 111 11 1111111111 11 1891. 11111111, 11

...η ω..- ... .-.-.-—--⁴ -—.--. .—- .—..... - — -

11111 11111111111111111 19116 11111111 111-111 111. 111111 11111 1111111101 1 1111111111 1 111111111111
111;11111111111111111111111 1111111 1111111111 11 11101 11111111 11111 1111111111 111111 III.-
1188111111 1111111111, 1 111111 1111111-811111111111111111 1111111111 1111111111 1111111111111Υ ,11-
111 1111111111 11111111 11111111 1111111111 19111 november 3-iIi 1111111111 (111111 11111111 sIn 11;
11611111 111 111811111111111111111111111111111111111111. 8111111111111 1111111111 11111111111111-
1111111 1111111111, 1111111 1111111111111111 1111111 az 111111111111111 111111 1111111111. ,

1111111111. II 1111111-81111111111111111 az 18118 : XXX. 1.-11 1111111111 1111111111 11111111
11111111ιέ11 111111111111 11 11111111011 1111111111 11111 11111 1111111111111111111111111111111111111111
111111111111111111111111 111111 Iton 1111111111 1111111-8111111111111111 1111111111111111 11111111
1111111 1111111111 1111111111111 a pInziIgyI 1111111111 1111111111 11111 11111111 11111; 1111111111·
11111111 11 11111111 1111111111111111111111111 1111111111, 11111111111111. 11111 1111111111111 1111111111111
1111111 1111111 Iton 11111111 1111111111. 111111 nem 1 11111111. 1111111 1 11111111111111 111ο11111111111
1111111111 1 11111111 11111111 1111111111 1111110111, 11111111111111111111111111 1111 1111111 11111111
11111111ιί 11111 poxknon ¹intk shconcrete¹ adjgkleffi'ffyIsslmIiktI. X Θ4111111111 1111111111 1112111111 3111111
1111111111111111 111111111111111 ι11111111111111.8111. II·
1111111111 meg, 11111 1111111111 11111111 1111111111 111-11 1111111 111111111111111111111111111.1111110111
11Γ31ἑξὲ1ἰ1111111111111 1111111 111111111111111111111111 ,1111111 1111111111 11111 1111111111 III az 1111111111
ιε11101111111111111111, 11111 1111111111111111111 11111111111111111. 1111111 surgon, 11111 1111111-
81111111111111111111111 1111111111 111818ε111111. 1.-11. 11111111111111 11111111 11111111 1111111111.
1111111111181111111111111111111111111111 11111111111111111111-8111111111111111 antonem szIIIsIgIetei
111111111111111111111111111111 11111 11111 nem igInyIII 11111 111111 1111111111 1 1111111111
11111 1111111111 1111111111Ις 1111111 1111111 11111111 1111111111 111 1 11111 111111111111111111 111-
1111111,111111111111-,8111111111111111111111 1111111-111111 1111111111 11111111111111 1111111111
1111111111111111111.1111111111.1111111111111
11111111111011111111111111111111111111.111111111111 111111 111-11111111111ς 11 1111111 1111111111
11111111 11111111 az 11111, 1ο111 1 nem 111111 11111111111111 1111111 1111111 1111111111 1111111111 111·-
11111111 1111111111 111111111111, 1111111 11 111111 1111111111 111111111111111111111111111 1111111111 111111-
mik, Iffleg dig 111111 1111111111111111 111111 1111111111 1111111111, 1 1111111111111111111111111111 az
111111 nem 11111111 111 111111 1111111111, 1111111111ο1 1 1111111, ho y 1111111111ῑί11111111111111111
11111111 11111111, 11111 1111111111 111111111111. 3. 1111111111111111 1111111111. 11111111111111 11111
1111111811111111111111 1111111111 1111111111 1111011111 1011011111, mett 11111 1 11111111 1111111111

 

