1906 : XXIII. 1. cz. A 3133333 33331 1333333333. 1311133331. 3131131. 111

1111111331, 3131333 3333133 3 11113311331133 1331311 1111333311 1331 1333-
1331131 13 333333113113133331331111111

3. fi. 13 1333311311333133 3 333311 1313113131133331331133 3113311331
3131313113111313333131ε 3131311131 13 1331131 1311331131, 3 3313333131 13
333131131131 33331331, 33 1331313131 1311113 3313111, 331331333131 113331-
3313111 13 3 3333333113 333111 33 133 333333331311, 1133131111 33331311-

ἱοῖἑῗη 13 3333311311, 3 1313111, 1113133 33133311 (113331133311131311-
ey ι.

13 133331131133311 113133 3131111, 31111333313111131111111313313133131311
3 133331313133111331 3113133133 333131311133 33311133333121

4. §.A magyar 133333 3331331331 13311311311 3333133 1333 13113
1111111133 3311111311 11113313331311 3 1313111. 3 1333333 33331 133333 33-
3313331331133113113313133311 11113313331311 pedig 3 33133311, 11311133
113331 1113133 33 13333113113331311111111331 13 1333313113131. 1333 31333,
133311311313333 13313 333131133 1111131111 11 33 1333311311333131313131-
3111133313331131, 1113111331133311 1313311 113313133 1133331, 3 31333-
1311111 33313131 1311313111.

Ha 3 1111111311 13133311 111133113313 1111111111 1313111 11131 1111111311313
13333113113331113131, 31313 3 jelen 113313313113333313331331 3133313131 3
1131111111 33133311, 11311133 113331 3 1313113133 331 33 1333311311333131
133331113113 131, 3131331 3 33111111 13111313331131, 3 3311313133 113331
131333111331, 3111331, 3 3 333111333331 1111335331 (11 5.) 3111131 13313311.

1331133311, 1113111313 113331 3313313113333111 3 1113131333311311 3133-

331331 11333 113111 333331 3 13331331 3111313331 3 11) 1113331 13, 3131331 az 31131 3113 333133313133
3333 3313111133 313333131331. 133 pl. ,3331111133 nl Ι3313 1311313111, 1ο ·, a 1313Ι 33 11131313 133331-
“²⁸⁰“ ⁸¹¹¹‹”y'³³¹¹‘⁰²⁸‘⁰¹'' ”⁶²⁸⁰ 1011311111,1111111111111111111111111111111
111111111111131Ξ1 311131111111ζ1ἳ3118131303113333 333 3311113131. 113331 3331311111133331333331113. 1333
313 3331311133.. 33 13 1133311113333311331 (331111131333311) ’33313113311 13 33 131331131133313131, 3
3133331113 1133131 3 131311133113331 13311111 13 1133311 3333331 33 1311333131 333333133333.1333133331-
31333131311133311133131 13 1313331111331313331133331331131111 meg 3313333131111333131111111-
3331333311331331 3333111311 minden 3111113333 13131 gendos figy 3313311113311331133333113133-
1111111111111111911111·11331111 ¹⁸⁷· 1111111 ⁶¹²⁰“⁸“⁹ ²³³·

——.-..—.-

(1113333111.1-133131311131331113333181111.1111111.1.·33. 1. §Ihm 333 33313331 3313333131
113133. j 131131311313 3131331331 1113331133113331 [3113331311 311133131131 1331311333 3 1. 11133113.
31313 3333131333 3311111131 3133133133 3313133133 3333111333 1311311311333131 1311 1111111331 3 33333
11113311331331313111133311333331311131 1313333131113333131331 33 33 1313131133 333 1133133
31333111313131 3331331 3 31333133133131, [33133133 1331311331133333333133 3133313131.

13133. fl. 33 131331131133313113 131333333ᾱό 31313131 3333133 131, 1111333333 3113131 3333331311,
a 33133133 18111 : 11111. 133. 1,, 1113133 33 1895 11111111. 1.-33. 1. §·a 1313131133 31311313 1133Ι ·
333111331131, 333133 11311 33331133 3 1333313133 1311333131 13111133313311, az 1311333131 dm
· 331131113333313333111333111,3131311 3333 33133311. 1113111333 33 111331 33111 13 1311131311 13
1313333331 33311311. 11311311313311. 1333 31333 3331311133. 311113 33111133111111311113331111 333331·
1331 (3311111311333311) 3331131113, 31311 333313 1333331133 3113111111 1313111331 Is 331333131331.
33133 13131133113331 1313111 13 3313331131 33 1 3133113111. 3 1133311111 3331311331 3 1333111311 3311-
33113131113131331133311131331111313331 1333331. 11333 31313133 31331133 3 11113333131111111
1113131313331 33333 13113331131331 13111 333111113113131131133 33111111, 1133133 33 31113333 1313111-

331113311333333133313311 van 33111313. 3111133313 3333133 33 313131 13131113 3331113113 nem 333311·
Iam, 31331 3 13131, 33 1331331333 1131313331331131 33313131 1313131133 1313133 313131313313313313
1133131111 az 131331131133313133. 1133333333 3331333 313131 1131331133 333313133131331131133311 113133
313113,31111333313333111111131331313313131 3331131311 11133 1333331 333111331133111. 11333 3331333
3133113 11313311113331311131 33313131 sog 33 1313113113133131, 13 33 3331311 1333133333113331111
ἱ3333133133] 13113331 33 133313113Ιά13133ὲ311 ὤῖἰί1131313313ί13ὶ11 11111311 1313311311333131 3313133133

33333333 3 33333 3333333313 pe any 33 333333 ι.

11333331133133113. 1901. ’12

 

