1906: VIII. 1. 33. 311313933333113313333333333 8333333331. 97

33313331331 1313113133133311331333311111 3313 3131131 113133113131 3333-
γ3111133133 3113131 3331133 33 3131131 31311 33331133 131333333113311131113333,
3131 1333333333 3333333333111113333 3 3331333331 33333313 333111133113
333ῐέῗὶὶὲ ί3313313331133 33 31133 331333 311313333333333331331 33331331 3333

3. 3211111.

1333333113 13131331 33 311311331131 33333333 3333331133 33331133131313 31
33 3333313331 13311313133331313333 nem 3313111 1331313333 313, 313333-
33113331313333311 3113133333 31131 33 3113131 313333311313333133331131-
333, 33331133 1313333331131 3333133331 1313113131 3 3333111 3333333331 33
33333333331 33331133 1313333333 33333 3333131133 33113 3 1133331311313133
1133331133333331 13333133 van.

5. CZIKII.

833333 3 33331133113111313311133 131111 1133333333 33331 3333 31331,
11131, 33313331 33 13131 1313331313 31133, 3131331 13331313-Μ33333333333-
131 3 31-3333333311331 33331131 1313113113, 3313133131 3 133131 1333133313-
11333 333111113133331 3333 33 313131 13311311 33333313311313333313333-
1133133 133113133331; 3113113311133333 sog 3131131313331111331, 3 mig 3333
3113131 3333111 3311333331 31133313 33 33331133 1313333333 33333 3333331133
33333333333 33 3333333331 333333313313333331133133311331311 113313133
11333311333331131 133331131333, 31313333 1331133333ιό1, 33331133 1333131131,
33331133 3333- 331333313133131, 3331333333131, 333133333113131, 331331133131
333333111313131 333313331331 13131131131 33 3 3333331 1313333311331311133
1133131133 3333 1333333131133 3311111 3333133 33133131.

A jelen 33111 3133 131333333133 1333331311 131131313133311311313333333
33331 111311, 11131, 33131 33 33313331 3 3133111331, 133311 33 3333 1113-
333311111 1313113113 3113131 3 1331131331 33313311313313 111133 333333133-
3333 331131, 3333133 333113 313 3333331 31333, 3 111313 3333331 3311331-
333133333 3333 1311333311311. 13 3331331 3333 333333333311113133133113
3333311333331133 133333 333333311333313 3333331 333111131131 3333311131·
13333 1131331113111.

1111313331 8333133331 33331, 33131 3 jelen 33111 33333311 131333333133
313333333311111333331133 1313311131331 133331331333 31333333 1313133331131
33 133333333331131311313111333333111131; 1333333333 33331 311313133331313-
113333333333313131331311 3333333333 3333131113133 33333 3333113ρί133
1311313131 31311311 333133 3 33331133133 13 1313333113333113131.

11. (1111111.

33331313-1133333333333 3 1113311333 131331133133 1331311 13133331333331
3331131131333331311 33 13333331331 33313133 33313313 3331331 3333333333313
331333131313331313331 313313 nem sog 3131131313331111331, 113 3333 3113-
131 3333111 3333333331 3113333131 33 33331133 1313333333 33333 333331133
33333333331131131313133 3 8333133133 1333333333 313131 131333311333331-
13113333 333331333131333331131133 313 1313333331 333313331331 13131-

lam 1333333313. 1906. 7

 

