1906.· VII. 161. 11616616661611616116666 8661616161. 17

17. 6211111.

,161616 6161161161 161616316666 &s 616116631611 6116166161 1111661 6161111
ΙΗθ11111111[1111611661 6 66166161661611616161611 6161166661 61611161 66 pe-
66611611161 61161161.

1161116116111166661166, 1111611166. 1906. 611 1116161166 116 9-111611.

Nyllatkoznl

6116611116-116516161616166 6 8161611 81616666 1611 1906. 6111116161166
9-66 1161611 1616616116Ιωί 6161161161 16-11 611116661 16611οεὶ1666 1615161166.

1161116661 61166111161161161616165 66 6 8161611 8161161665 11611 1906.
611 1116161166 9-66 161611 1616616661611 6161161161 16-11 6111161161 6166 116-
16166661166 1631611 1161616161 61666611666161 6616116116 161611 6616116116
16161161611166 6116666161 meg:

111 6111111611 6161161166 61616616661611611166666666161 1906, 611 julius
1-616 1161161161 1906. 611 6611661166 1-616611661116111 meg.

Α jelen 611161161611616116116666 66 6 1616661166 6116661611 61 611111-
1611616116116616 1666116161161 egyidejfileg 666161666611 111.

11611 161166 1166661166 11616666, 1906. 611 junius Ι68-66.

(P. Η.) 6616666661ιὶ s, 11.
(Ρ. Η.) Salis s. k.

 

