19()6:1. 1. 31. Α 111311193111133119 ra 1131311133 3311111311 3333133131. 5

8311313313131131 d'Espagne 31, 311 8311 Nom, 83 11313313131131113
11333313 du Royaume:

81113311131331111333113, 31313313 1131 33118311 3333333333
111113311133113 31 113111331311113113 11133 13 [1133111331 113 13 1133333333
1113333133

13 Ρ1331113111113 La 1131333333 1131133133

8. 11113. M. Th60phile 11313333, [13111113. 31313113 1133 31131133 3113333133

83 3313313 13 1131 1133 1131133331

M. N. Delyanni, Son 11111313 1111133111331133131113113 1133133133113113
1113313 1133133111 113 13 1133331333 1131133133

833 3113333 1131313 13 11131111-1133113 3313333313

M. 1311113133, 111133111131133 33 1133333313 3 Ρ3113ς

833 11113333 83131113311113 13 Princo 1131131333

M. 1. B. DepeMey‚ 0113133 1131131133 113 31311333 3 Ρ3113;

83 31313313 131131 113 1131133111 3133331331133

M. Τ. 831113 Moza, 8311131313 Exu·aordinaire 31 3111113113 1133133133-
113113 11133 13 1133111331 113 13 1131333333 1111133133

83 31313313 13 1131113 8113113 3133 31311333, 311 113111 113 13 8113113

1111131131111331, 8311 1111133311111331111113113 31 31111131131131111131311-
113113 11133 13 1133111331 33 1311333311313 1131133133

1313 313131333131, 331131 31311333 3 1333331133131113333111 331 3131113311 1111111131 33 3333113133
331 nem 13131131. 1881-3311 [13133311 1133131111 313133 1331311311 3131133 313131 1313333133, 33113311-
33313111 33113113 33331 1131 11311133 13313113, 3 13133311 31113 3 113333331311131131111311-11 1133131-
[bvj ornithologm 3333133333 113111311318111-3311 3 11-111 3331311311 3311331333 1313133333
13111133 1133333313 3331331133 3 mag ar 3133113 3113333333 331131133311. 3 313311 3113 31113. hogy
1313111.311311111111133111111 3111111111111111311111113131111111111
1311311113 33 1113131311 1111111133ιό 1331131131311ζ 13111333. 3 33113311 31311313 31111333311111131331 mog-
bizqujai 311331313311Ρ31133311 13 3311311311 1331311311 31131313313131313113513133111 31311111 113-
1333111331,111311’.1...3311131333311333113111113
331, 113 131113 means 3 3331331111131131311113 1331311311 33131333133113131311, moly 13113 311 331-
31133 33 Men 1131133311 31313113133113331113133311 1131311 3131 31311113-3133131313133, 111311113-
313111 3313133333133331313133.11313133. 1131131133131311. 6313333133, 3313331113,313111133,Ρ3113-
8ἃ1118301133113111331ἓξ3ἓ111311ἰ1113111113313313113 3 3331313133 31113311133113111131 1111313111 1131
’111ἒῖ3 11113131311 ..11331311111111131111111 31131111113111
{gykezmeny 311313ὴ31111ἱ111ἐ1, 11113111 qi 3131111 1113331331 31133311 311 3 131131, 33111 3 1113113331 33131 31113-
. 1 1 1 ’ ’.

0331331131, 3113 3111311111 3331311311 31333333313311 3 3133311 13131133 31113311131311 33 31313111-
13131131 3331113 az 111313 3131131111 131311 31131 3 31333333313311 1113131311111133333131313113331313313
helye, 3131311 3313333133 1311311 1313311111 11131331, 1333331333 1111131311 3331113 a 1113113113 13131
1313313333 311331331113111131, 3 131311 eg 31331111 313 1133 11131133311131 31333311 [1311111 1313131111
13131111 a 3133313331 333131333331 3 1113133131 333131133113111. Ἀ 31311131331333311, 3111131 1131311113
13313161 13333313311311, 13113111 31313131 3113 1333333331, 3 331131 3 3335313333313133111311113113-
313311131 31313 111113. 311 XM. 1,-11 31. 33 58. 513113 133331113311313 3119111111,3511.31.31311
13113133131113111111311333, 3 3311313111.131113113133111311 3111131131 a 111. 111. 3311131133113133113·
11313311 ἰ 313311313111313513131113 1133331311. 131311 1331311311 3313133313131 3113113131 3111 313-
pon 3111111311 3 1111· 31 3313133111 33311111311313331131133331 33111 311 1111313311. ’13113131131133111333
arra 13, 3131111131113111131111111 31 133111 313331311 33 33131313313111113111311311311313331311
111111. 3333113113113311331133311, 33131 31 3131333 3111311111 31333331113111 1311311113 33 1113131133 113111

1111311311331131311. 3131333131 [1311133331 1313133333 313131, 3311131313 11133331113333 113ἑ1133 111111311-

Mn, 313133 11313311 33333311333311311 3 1313313313111311 3313133111 333111131131333 3331 n 1113113111
3113133113311111313111131 3 1311311331331 13 1131333113ῑί 1331133133111131, 3 3111311 313313133133
3333113113131 113131133131111111 11313111131313311 13 3133331313 33 11331313 1311111 3113133133311,3
111311111133111 1. 31331313311111311311131111 311113 31 311311111 1111131113111311 33 1311131331331 1131313-
1313111311 3313131131 131133313113111113 3311. 11901 3111311113 113-19311933. 1131131331111131511. 31.
imm. V. 11. 11 [11111111. 3113113. 1110111111. 9-131 541. 31. 1313113131.)

 

