1333111111. e's XXIII. 1. cz.

xxu 133313333331

33190733 31361313633313133 3133133316 1631331313613313113333116
· 31133311113113331133113)

(8333133163 3533119011. Ivi (1333333133 mn. 111113131131311 33 «03331533 1133135113» 1900111
1333333133 3113 1131133 7. 33131133.)

1. ξ. Α 33131333νί333 1311313133313111, 1355 3 3335531 131333 33331531-
133 33 3111133 631113311113311113133 3333111331 133333 - 13133135 1333-
1111, 1355 333113 13333111-- 1131353131, 3331111113133131113113313111
3113313331331 155313313131311331 3 11313113 331906;ΙΧ. 1.-33. 8. 5-3331
33 33331533 131351331ἑεί 3113111 1313333131 [335111331133113 3333113311 13·
11333311133190113 3131 131 1333311133 13335133 13313333 Is az
3331 3133133 131315131131111 33 35511 131113131161 3313113131 1131133131
3 1133113ῑό 3331333133 13351311133311311133 1313313333.

2. §.A 1131133133 33313 33 1906. &vi 1113331 111315131331133611
1906 : lX. t.·cz. 1311333331 1313531113 13113131333131113333133 3 1333135,
13553151131113313113 131133133333 3 jelen tbrve'ny 1313151331 13313333
31311, 3 3331531 1111113133 31131311 111Ιὸ3 1131135311355 1113133533 13133-
1311331 1315113 1313333111, de ugy 3333, 13133131 1113131133 13131133 —·
3 jelen 1133353531 31311 1311313133313 31331111 1333111 - 1131113 33
1907. 311111131513113 13331313 1333 131113331331111.

A 1131311551 3331111111 131333131331 1131133113 33 3 113333 nem 1331311 11.

91113133 11113335 1907. 1313331311 1-33 133 113113, de 13131153
33 1907. 131111333111113351311331133611 1111335 31311311311131 3135331311ς
33533131031131 3 31331553313133133 1133111 3335.

xxm. TORvsschznffl

3 3335531· 33331 1133333 333335313311 10113333131131331
313113311131333133)

(8333311131 35331 11106. dvi (1333313133 30-13. 11111131131311 33 «03331533 1131335113» 11100. nvn
(1333313133 31-63 11313117. 33131133.)

1. 11. 1333311, 13113131 1333313133531313133 3 3335333133333 33331·
531331 1331131333 13133311 <is 3 3135533 33331 133333 33333531331133113·
111301 111111 3331 13131331όεί 1013133311335 3131 33331. ’

111 Α 13133. 3311311351 13131131133331131331133. 1113113 33 1116 3163131311. 33 190111333τὸ11
1113153311313113553133 nium, 3 3331135 ax. 33133116 11133 1311 111313 31311 nem 13 1333 13111Ι 11311
133133133111311. 3113153331 3331311311 131131313311311313133313533133 1113311331313113
11311131 1313311333 3111115 33 11315, 3 3315 3 rondes 111315333331113311313313513 lep. E Jam-
131133 33 33 3111313 van 33 31111151 1333311133313111111, 1355 33331 131133 311 1311551 333 1131111
13133331133133 nem 13313111. 11355311 331313331513111131311331115 31353111333113 33 erre vonat—
k<1216 Ιὖιριυῑ, 31311319ξΙ11313351333313131333 131151 311331113331 33 ido 1331111311 3303351133 3111153131.

cz. ,· ..3. 33. arom.

(Vl) (A 16333115 13333131113311333311. min. 1331.) 1113331111, mint egy 3311311613 13311
111313133133, 1331531 1135533315 3 3133115531 13313 5331133151 1313131331 3353611331311315131311,

 

