19⁰6 : X. t. cz. 1111111911 1911111111 1111111-81111111111191111111. 119

1111111111, 111111ὅεί111 es 1111111111,11111111111111111111 Ηο1ν11-8111111
ἰὲνὲῗθηὲῗῧηήςώ 1111111 1111111111 1111111 1111111111 1111111111, mint

111111111111111 111ΰ1 111111111111ς 111111111111111 1111111111 11111111 1111111111ιεὶηώ 1111111111
1111111111 E 111 1111111111111111131111111 111 1111111111 &s bimulus fokig 1118111111131111111111-
1111111 1111111111-11 811111111111111111 1111111111 1111111111111 melenus& 11111111 1111111 11111
11111 3111 11111111111111 11111111111111; 1111111111 111111 1111111111 111111111111111111
1111 go 1111, hogy 111111 11,1111ςΗο1111-11811111111111111111111111111 11111111, 1111111111-
111111119111111 1111111111 1111111111 111111 11111111111111111. bel Ι1111 1 1111311111111 111111-
‘thre 11111111 1311111111 111111111111111111111111111111 1111111· 11 ..11111111111111111111111111111
1111 1111111111 1111111111 111111 11111111 1111111111 legyen 111111, meg 11111 1111111111611 111111-
1111 1111 1111111111, a melyok 1113111111 11111111 1111111111111111111111116111. 111 1111111111
11111111111111111111131,111111111811111(1111,11-11.ΞἹ.11111111 111 11111111, hogy 1111111·
11511111111111111 11111111111111111111111111,1 113111111111111111 111111 11111111 11111 111-
1111111, 1111111111 111111111111111111, 111 11111 11111111111111111111 is, 11111111111111111
1111111 13. 1111111111 1111111111111 1111111111 11111111 111111111111111.

1111111- 1181111111111111 1111111111ςί 111111111181111ε1. (1111111111 12. 11111111 11111111-
111 1111111111 1111111111 1111111 1111111 11111111ηά1 111111 1111111111 1111111 1 1113111 111111
11111111 11 0 1111131 11111111 11111511 1111111 111111111111111η 11 pedig 11 1111111111111 11 1111111111
111115111111111111111111111. 11111 1111111 111111 113. 11111111 1111111111 1111111111 11111111 ks 111111)
111111111111111 1111. 11111111 1111111111 1111111111 1 1111111111 111111111111111111 1111111 a
11111111111311111111111111111111111; 11111111. 11111111111111, 1111111- 11 811111111111111111111111
11111111ηό11 111 11111, 1 mint 1111 111111111111111, a 1111111111 11. 11111111 1111111111. 11111 11111-
11Ξ1.11“ἒ“111111“1111111111161111111 113111281111111111111111111111ῗό1
1111111111 111111111111 1111111, 11111111 1111111111111), 111111 111111111111) 11111111 1111111511Θ 11111111
1111111111,111111111111111111111111111111111111111111111111 eleget 11111111, 111111111ρωί1
1111111111111111111111111111 1111111111 1111111111 11111111111.11111111111 viszonyok 1111111111
111111Ιὸ 11111311 1111111111 1111111111 111111 e 1111111 1 1111111 11111 1111111111, 1 111111 11111 11111111.
E 1111111111 a 1111111-1111111 1111111111 1111111111 18811-111 1111 11111111111111111111, 1 11111111 111111
1111111111, 1 1111111 1111111111 11111 11111111111111 1111111111, 1111111111 111111 11111111, 1111111111
1111111111111 1111111111 1 1111111111 1111111111 111111111111111111 11111 uj J'avaslatokkal 1111111 111111-
1111111111111111111111111 11111111 111111111111111111111111111.1111111111111 1111111111 11111111·
1111111111111111111113111 1111111111 1111111111,1111111 11111111 1111111-11811111111113111111111-
time, 1111111 1111 11111111 1111111111 11111.

At 11111811.111.11,1 1.-11-11 1111111 1111115γί 11111111111111111111 111111111111111111111-
1111111 11111111 111111 1111111 11111111111111111 11111111 1111111111111111,111111111111111
111111 1111111111 11161-1111 111111111111111111 11111 1111111111111111111111111111111111111111
111111111111111111,1111111 11111111111111 1111 1 11111111111111111111111 1111111111 a 1111111111 11111111,
11111 1111111111111 111111. 11111 1111 11 11111111 eleget tegyenek 1111111111111111111111111111-
1111111 1111111111111 11111111111111111111, 11111111 11111111 is, 1 1111111 1111111111 111-
1111111 111111 111111. 11111111 1111 11111111 1111111111111111 1111 11111111 11111 1111111111 11111111,

1111111 111311111111 1111111111, 111111111111111111 1111111111111 1111111 11ἷ11111 1111 1111111 11111111-

111111, 1111111 111111111111311111111111111111111 111 1111111111111 111111 1111111111 111111111111111-
11111 is 111 111111, 11111 111111 11111111 11111111111111 1111111 11111111111111111111. (11 uem az 11111
11111111 1111111111 1111111 1 11111 1111111111. 11111111111111111 1111 11111111 11 1111111113 1111-
11ἓῖ1,11111111111111111111ἷὲ11111 ,11111111’111111111111111 111111111111111
1111111-11811111111111111 eme 1111111111111 1111111111. a 11111111 11111111 egy re'szben 1111
omnm 1111111111 1111111 11111111 1111111111,11111811.11111111111 1111111311111111111111111111-
1111111 11111 11111111,111111111111111111111111111111 1111111111, 1111111111111111 1111111111 1111
1111111111111 111111111ιά111, 1 11111111 111111111111111ς 11111111111111 1 1111111111111. 11111111111111111-
11111 1111)·11111111111111111111111111111111111, 1 111111 11 1111111111 1111111111 111111111111111 11 1 111111-
’111111111111111111 11111111 1111111111 11111111, 11111 1 1111111 1111111111111111.11111111
1111111111, 1111111111 1111111 mlada-a, 11111111111111111111111111111111111111111811111111111,
111111-111111111111111111111111111.11111111111111111 1111111)1111111 11111 &s 1111111 1111111111
11111 11111111 1111111111111 1111111111111111, 1111111111 1111111-1111 1111111 1111111111111111111111
11 1111111111 is. Ebhen 1 remen 1111 1111111111111111111111111 1111111111Ιό1 1111111111111111111 11
1111.111111111111111-11111111111111 ama 111111111111111111, 1 1111111111 1 1111111 1111111111
1111111 11111 1111111111 1111. 1111111111 11111111 11111111111 111111111111111 11111111111111111111111
1111111111 Ι111111 111111 1111111 11 11111111 1111111111; 1111111 11 11111111 1111111 11111111 11 1111111
11111111 s 1111111111111111111111111 111151111111111111.

dh 1111191111 1111111111 11 1151111111 11111111117 1 1111111111 5111111111 1111111111 1111111111( &s 111-
11111 1111111111Ιό1 1111111111111111 1111111111. 111 az 11111111, 111111 11111 vffllalatnk.a 11111111 1111111111
11511111111111111, a 1111111-11 5111111111111111111 11113111 1111111111 111111111111111111111-
1111111ςί 1111111111111 1111111 be s 11 11111 1111111111 1111111111, ,11111 111111111111111111111

Ham Torvenyur. 19116. 9

 

