⁴2 39113.-111333.13313331313333338333333331.

13133313 313 13133111311113131313331(33313331) 1313333133 ν3333333133333133
3333333 33 .

5. CZlKK.

A 113333 3333 33313111 3113333 313 333 3331333 333311333133 311331 sog
13133333333 13333133 13333311333333113131, 1333 13 33113 333133333-
33113 13131 3331133311 13331313331 3 [33311131 1331131313 13333131133131 31-
3333331; 333311 3333 1333313 133313131 3333 3333313131 131331133111313133
33 3331 nem fognak 11313131, 1111333, 1333 33 3 13113131133 33333113311311
3331313313311 3133 13131311.

3111313133. 3 33333313 13131, 3333311331 3311133131 31313333133331333-
3333131113131 133331 33 3 3331333133 3333313131 sog.

33 3133311133 1333311331311 13333113331 3 1133311333 1311313131133133-
33113133

a) az 3331 a· 13311311 3313133131331, 131311313133 333311, 1133133331
133333 1333133331, 31133 1111313133 11333313133313133113, 33313 33 3331-
331 33 3111111133 131333 3 3331133131 31131 1331331 3113313331 3 3 3333133

’ 33311331 13333133ς

1) 3 313333131331 333331133113333, 33333 3333 313333133313 3333113331
3333331313 33 333333 3133331333 113133333313333·133313;

3) 313331133331 333131333331133 1311 1113133313, 3331133333 minden oly
33313131313333331 3333 3331333331, 3 3331331313333333 3333131333133-
vizsgfilffisait 13333 33113333333, 3333 33313313331 1133313131 3333333133 3131
, 333133 3133.

33 33313 13331333 33 33333333331333 1331331313, 13 1333133 3311131 13
13133333113311331313,13333333311131331 311313333311. 3333133 33331133,
33 3133331333 11313311313133331.

11. 11111111.

1

11333 13133 31131, 3331331 3133 33 3113333133313313331,1333333331,
13333331 331331113131 javam, az 333333 133333131331 3133113331, 333313-
3313333133333313331 13113111 3333 13313131 133331, 3333331 1131133 31311
sem 1331311331 3333311 1333131133. sem 3111333311 1331133 3 3133111 131
133113131νό1 3331333333 133331313333313131.

1333333113 131313 333113 sem 3331131133, 13133 3113 11311333 31311, 3 13-
31131331, 33· 3333 3333333131 33333331 33313133333131, 3 3331331 33333133
33 3333313133 nem 1333331131331 33 3 1331331 a jelen 333333333133 133-
1333 1331131133 1313333133 333331.

Η33333333113 13131 333113 3311133333331 1313133 331, 1333 3 13133
333333333133 3331311 1331131133 1331311 331333313 13113111 1333331333 3333
33331333 33333 33· 13133 1333333331 3113 3333 3313331131 1131133331, 313-
33313131131111333 3 1331131331 3333331 3333313 3113331 3333 333331131131
1331311313.

013133331311, 3331331 33 33311 333333331311311113133 3113311 333311-
333333 1333331 1333311,311333131313 1333331, 3331331 11333 333333333331
3311131 3133111133333 3331331331ς 33 333311333333 11313311333 3331313131 3
1331131331331111313113113313113131, 3313 31133 33 3331133 is. 13 313-
33313131131311 1333131311 3333 1333331 1131113131331 3133333313 31333133.

 

