191111. cz. Ρ11111111111111111111 Η11111-811111111111111111111. 111

1111111, 11111 1111111-811111111111111 111111111111111111111111111 bizo-
1111 1111, 111111 11 11111111 1111111111111 1111111111 111111 11111-

*-

1111 11111111111111 1111111811111111111111 1111111111 1111111111 nem 11111111111111111111111. 111111
sintin 111111111111111111111111111111 1111 11111, 111111 1111111-11511111111111111111 1111111111-
111111111111111 111111 111111 1111111111111 antonum 111111111ιεί1 111111111111111111111111-
1111111111 11111111 11111111 1111111111111 1111 1111111111, 1111 1111111, 8111111 11 11111111-
11111111111111111111111111111111111111111111’ἲ11131ἰέ11οέ
11111111111111111111111111111 111111111111 11111 11111111, 11111 1111111111 11111111111111 nem

,111111111111 11111, 11111111 111111111511111111111111 1111111111111111 a 11111 111111 1-
1111111111111. 1111111 11 11 1111 11111111 1111111 1111111111 111111111111111111111111111 111111 111
11111 111111, 1111111 1 1111 111111 1111111111 111111111 11111111111111111111.

1111111, 8111111- 11 ὅιΙπι1111111111’111111111111111 11111111 111111111111111111111111111111111-
111 uon 11111111, 1 1111111111 11111, 111111 1111111, az 1111 11111111 1111111 1111111111] 1111111111
111. 11111111111111111 11111, 1111 11111111111111 1111111111, 1111 1111111111 1111 111111111111111-
111111111111111111111111111111111111111111. 111111 11 az 1111 11111111 1111111 11111111 11111111
11111111111,1111111111111111111111111111111 1111 1111111111 1 1 11111111111111 1111111111111-
11111111111111111, 1111 1111 1111111 11111111111 11111111111 11111111111111 11111 1111111111
1111111111111111111,1111111111. - 1111111111, 19113. 111 nujus 11 1-11. 1111111, 8111111- 11
1811111311111111111161316111111111111111111111 1111111111. 1111111111 1111111 s. 1.,11111. Dr. 1111111111

111 .1 .

11, Α 1111111111111 1111111111 111111111111111 1111111111 a 1111111111ιή 11 11111άί-
Samon 111111111111111 11111 1111111111 1111111111 1111111111 111111111111111111111111115.
13111111 1111111111111111 1111111111. 111 111111. 111 1111111 111 11111 1111111111 111111111111 11
1111111-81111111111111111111111111 111111. 111 november 11111111 1111111111 111111111111.1111-
1111 111111111111111 1111111111, 1111111111 a 11111 11111111 1111111111,11111111111111111111111-
8111111-1111111111111111 111111 11111111 11 11111111 11111111111111111111111111111. Λ 1111111111
11111111 1111111111 1111111 1111111111111111111111111111 1111111111 11 11 fij 1111111111 1111111111
11111111 1111111 11111111111111111, 1 1111111 11111111 1111111111 1111111111, 1 1111111 11111111
1111111111111111111111111111 111111. 111 11111111111-1111111111 111111111111 11111111111111111
1111111111. 111111111111111111 1111111111 1111111111111111111111111111111 11111111 1111 11111111
111111111111111111 1111111 11111111111111111 1111111111 111 11111 1111 11111111. ’

Α 1111111-8111111-1111111111111111111 11111111111111111111111111 11111111 111111111111111111
111111-1111161111111111111 1111111 1111111111 11 111111 111 1111111111 111111 1111111 111111111111111
1111111111 11 1111111111 1111111 1111 1111111, 1111111111 1111. 1111 11 18811. 111 1111 111111111111
11111111111111111111111 111111. 111 1111 111111111111111 11111111 19111. 111 111111111111111111111
11111111111111111111111111 1 1111111111111 11 11111118111111-1111111111111111 1111111 11111111
1111111 1111 1111 111 a 1111111111 111111 1111111111, 1111111111 111111111111 1111111111 11111111111111
111, 11111 1 1111111111 1111111 1111111 1111111111 1111 111111 1111111111,11111111111111111111111
1111111111 111111111111 111111111111 11 11 11111111 1111111111 1111111111111111 11111 1111111111
1111111111111 11111 1111111111 1111111111 11111 1111111111 11111111111111, 111 11111 11111111111111111
11111 111 majus 11 119. 111111 11111111111111 111 111111111111.

Α ’1111111 1111111111- 111111 az uj 11111111 1111111111 1111 a 1111111111111111111111111
111111 1111111111111111111111111111 11111 - 111111 1111111 11111 a 1111111111111111 1111111111 111,
111111 11111111111111111111111 111111 1 11111111 111111111111111111111 11111111111111 111111 1111·
111111111111111111 111111111111111111111111 111111 ’,1111111111111
111111, 1111 11 a 111111 11111 1111111111ὓῖ 11 1111111111 mi 1 111111111111111111,11111111 11111
1111111111 fcinztigyl 111111111111111111 111111 111111.1111111 111111111111111111 11111111111111111·
111111, 111111111111111 11111111. 1111111111111111111 a ’11111 1111111111111 1111 111 11111111
1811111111 111111.111111111111111 1111111111111111, 11111 111111-8111111111111111111111111111-
1111111111111111111111111111111 11111111] 111111 111 1111111111111111.11111 1 1111111 1111111111-
111111 11111 11111. 111111111111111 1111111111- 1111111111 11 111119 ;.11,. 11111111111111 1111111 1111-
1111. 1111111111-111111111111111 111111 1 11111111 11111111, 1111111 ij 1111111111 1111111
111111ῗέ111111011111111111111111ιεί 111111, 1111111111 1111111 1111111111, a 11111111 11111 1111111-
11111111111111 11111111111111111111111111111111111111 111111. 1 1111111 11 1111 11111111111111111
1111111111 1111111 111111111111 1111111111 1111111 1111111111 1111111111 11 1111 1111111111 1. 1111111111-
ben 1111 1111111111 1111111 [1111111111 1111111111111 a 1111111111 11111111 111111 meg 1111 1111111111
ξῖιοάἀπιὲιυῗ ὦ 11111111111111111, 1111111111111111 111111111111111111ΙΙ 11111111ὁ ι1111111111111111114(1111111111.
111111.111111111111111,11111Ξὲ1111111111.”111111,111111111111ῒὲ
1111191113, norvit-szlavznnrszfigokra 11111 111111, a 11111111111111111111111111.1111111111
111111 11111111111111111 1111111 11111 1111111 11111111, 111111 1111111111 111 11 111111111111 11 adju,
111111 1111111 1 111111111111. a 111111111111 1111111 1111111111111111111111111 1111111 111111-
11111111111111111111111111-11 1111111111 111111111111 1111111111]1111111111111111111111111
1111111111111111111111 1111 11111111111, 11111 1111111-8111111111111111111· a 1111111 1111111 1111-
1111111111111111111111111111111111111111111 1111111 azan 11111, 1 11111 1111111-511111111111111

 

