75 1905.- Vn. t. 33113333133313133133333313133 8133333331.

13

3333133333 13 3331 333333333333
3333133113 333333 1

333331 311331 333313331(33“333333-
3333311 31131333, sem (1133313331-
131 3333 5155 m5don (11331133
3133333331 33331 sem 5 33333111
1333331 3333331 sem 3333333311
J 313 3331331331.
,13 3131113 3333111311 33311 31333 3 3333311 1
133333133 33333 33333113311311 33
3331 13313311 33 31313333 551555J
11111-111111,1331133331313311333133
1333 311313333 3333331311. 3333133-
331 3333333111 13133313331333 3131311
10 33333131 3333331131333313111;1
133 3331 3333 3333333 3333333111
J 313333333333113(131 (333 31313133 3333
33133131 31313133 13333333113333
1111111111ῗί 11111
3313313133 3 331331333131131 333-
1333333333 13133133 33 33333333
31333333333311333 13131313333 133-
33313 3333133, 313 3 3333333313313
1133331113333 3311311, 1111113 33333-
1333131 31131 133 3133111113
3313131333 1333333313, 1331333333 3333331-
131 133333131133313
Ι333131333313331 (3333331313 333133-
· 1 331331 333133313331131311, 3333 3333-
331131 33131 133333131331131 1
33113133313133,1 1313331333, 3331313311
13133 3 31313133 33131 1333113131 3311
133113313333133133 “

333313 33311, „„ 1 3

38131131 13 3333 33333 313133133311313331333313 1
131 3313333, 333331- 33 3333133333
3333331311 133313331311331 (1331113333-

1331311311 133333131133 1 3

1333331. 11113 1331333331 33 33333333333- 1
1311 3313313-333331-3333331113331-
, 333131133133331333113133133131313331
1 1333113131 33· 3313113331 3333333331
J 1333131331333333 1333333131 1131 kap-J
3331311)3313;133311133313331-,33-Ι

3331- 33 333113 33333333333131113331-
333131 1313313333131311333.

1Ε33333 1 1333
1 1313311333

133 33 133

155
36.-

60.-

 

