19

Az 18992xx. 1. 01. 71. 1-11101.
V. ὃ. 19911 jul. 19. 511699. 11. P. 11. 11111, 1111111111 11111111111111111 110111911111 1110111-
1911111111111111111111111. T. 9111

111 1899111111. 1. 1111111111.
V. ὃ. 1999ε111. 1-01, 1 9111111111 1111111 111011. 1111111111 11111111111911111ς 1999 : 1111. 1-11..
111101111111111 11 1011111111 1111111011 1111111111111111111111.

111 1899111199. 1. 01. 11111111.89. 1111161111.

V. 1. 19991111. 11. 13111911 P. 11. tend„ 1111111111-1111111 1111 1999111 1111111111 31111
11111111, 19111011111111111111111111111 1011111119 11 1991. &vi 111111 1111 11111111. 191110-
111111111111111111111101111111111. (R. 1. 191.)

1118991Χ111. 1. 0111111111.
11. 1996111111113191. 11. B. 11. 1111..1,111(111111 11111111- 11 1111111111111 1111111111
111111111111 11111111111.(9. T. 919.) -

1111899111111111. t. 0111111101..

11.1999111.1.-11..11111111111111 11 1101111-8111111-911111111111101 1111 1111111111 1111111111
1111111111 111111111111111111.

1118991119111. 1. 0111111111.

11,1996111.1-11..1111.111111101 11 1119111111 1111111111 az 111111111111111111111111111
1991111. 1. 1111 1111111 111111111111 1111199111 1 1111111111 1111111191 11 11111111111111111111-
111111111111111111 1011111 1111111111 111111111111111.

Az 1899111111. 1. 0111111101. Ι
Ει-1111111 1991 jan. 1-1111 111111101111111111111111111110111ῑ 1991ῑ111.1·11,11111111111
9110111111τὸ1.

8119991191. 1. 01. 8. 1411101..
V. ὀ. 1999 011. 19. 11199. 11. F. 11. 11111.. 111111111111111111-111111111111111111 111111 19911 :
11111111. 1-1 11111111111111111111111 11111111 1011111111111 1111111111111111. (R. 1. 1918.)

111999111911. 1. 0111111101.
V. 1. 1999 jun. 1. mo. sz. F. 11. 1111.,1111111011111 111101111111111111111. (R. T. 023.)

ΑΖ 1999111911. 1. 011111. 111101.
V. 1, 1991 jan. 13. 9931. 111, 11996. az. F. 11. 11111..11111Ι111111 111110110111111111111119111.
(1991. 1110111 11111. 19. 111

ΑΖ 19991ΧΧΧ11. 1. 0111111101.
11. 19991. 1.-11.. 11111111011111 111 1101111-8111101-91111111111111 1111 1111111111 11111111
1111111111 1111111111111111111.

8119911911. 1. 0111111111..

V. 1. 1999111911. 119191199111 B. 11. rond.. 1111111 11011111111111111 11111111 1111111
1111111111 111111111111111111. 11.1; v. 1. 1996 maj. 9. 11 1931891995. 11. B. 11.11111..11
11111 11111111 1119111191 1111111111 11111 1111110111 11111111111111 111.1.111,);1111111.1.
113919. 11. B. 11. 1111.. 111111111111 1111111911 0111111101111011 1111111111 1111111111 1011111111
1111111111 11. T. 11111.

 

