81 1111111.Ι VH. 1. 33. 1131331331313113331331133 8133331331.

Ρ31-3311111.

11333 3 113131131313131 33333313 3 3333333331 13133133333133313131
3113113333311 1333333331 333113333331, 3 33313313 13131 133333333131 3
·”131133311133 ;

mi. 111311 33311131133111113111331, mind 3 133333313311 3313 1131333-
1113131 3131 3131113331 1333331 33 3331131-3131331 11313133 1313 331113133133
1111131331 3 131311333 3311131;

3) 3113113333313133333133331,31313313133 3 3333313333 111313131 333-
33333 10 311313311333 13 33311333-331 131333113;

3) 13, 33333, 3331133, 31331, 13311, 131313133333133331. 1113 3313333·
33333 3311, 313 33133331 (sima 33 33313133 333131333331), 3333331313-
3331333, 1313133331 333133131, 13131133 1331131 33 133, 11133 3311133133
111133 3333133333313 13 1331313331110 13 33133 33333331333), 111331333131
33 33333333ς Ι

11)) Ἓ113111331ἓ13θ 13333 ;

3) 11133 33 313111 133 (1313);

3) 311131 33313131133131, 13, 133333, 133333, 1131333333, 13113 33131-
133333;

3) 33113- 33 3333313, 13133313 33 131313333133 313131313, 33131, 13-
1133, 1131331, 31333 33 31333, 313133, 33333 33 3113131133 13313 3313331313,
31331 331333333333331 13331133313131313133331313 1333333333 33333;

11) 1333333333 133131 33 1333133313331 (a 33133311 1333133313331 1113-
1313131), 3333333 3331 3133113131313113131331 3331333131313;

1) 13133, 333331113311311, 3333333 3331333131333331133), (1333333333 33

113331311133311133311 333331333133313133 3133131 13331313 3113113131;

11) 11133333113313331 13313 33 1333333333, 113333 (13331113 3 333331
33 333313133333 1133331 is), 1333131, 3331131131, 13· 33 3333333313331,
31333· 33 33333331, 13333;

1) 33331 3133131133331, 11333 3133331131 33331333, 111 33331113333313-
33131131313333131, 3131133333333 3133133 1333333313111313 1333 13113-
1331131313 33;

kenyc'aerge'ys 11331, 1331313333 1013 333331333333,

11133 hus. 1331313331) 1 13 333331333333,

3311, 1331313333 1 13 31333313331133,

11133131, 1331313331) 1 13 31333313331133, 3 3133331333 3331 3 3311131
a 1131313133ῑί 1311113131 13131 33333313 3313333133 11131331 be.

33 111 3133111311 133313333331 3331 1313311331 11 313 1131113113, 3 3131331
3333133113 13131 3331133131 1313131313 3113131 33331131333313133311333311.
1333333333113311 131133131 3133111133313 3333131; 3 3311111113 333133
133131133311333 13133 131331313331 13331331 1333.

1. Α 33111311 33 11111311 1313 3131 3313133 3133133311 1333331 33 31331-
313133111111 13 33333333 3331111113131ε 33 1333133113, 3 3333333333331
33313331, 1133333ιί113 3 31333333133331 333313113; 3333 11331 333131 33
13331313 1131311, 3131331313 113131333133 1313131113113131 133331 3133113331
1333113 1333 1311131331 1313331333 13131311, 3 1333313133 31 1131133331 ,
13 1113333.

81333133113 13131 3333 3131113131,3111 33 3331111333 11331133313131,

 

