1906 : IX. t. cz, Az 1906. 1111 1111111111 16101111111101. 108

horona ¹ = 111111
1111111111 „‚ .. 60911110 1111111111 ,Α :mam
111111111111111111 ., 118811 111111111111111111 39300
1011 1882. 111 m, 11 1900. 111 11111. me. 1111111111111111111 11111111
vm„ 11 1902. 111 V. 11 11 1901. 111 11 1111 11111111 11111111 11111111 11111-
1111111. 11111111 1111111111, ιο- 111111111111111
11111111 1901.1111.111.8.1-1 111188οε1111111111111111ἷ111
11111111 1111111111ιὸ 11 11111111 11111111111111111111111111 11111
1001. 111 xlv. 1. ca. 11 1111111111 1111111115150900111111111111111-
111111 1111111111 11111111 1111111111ηά1 11111111
111111 1111111 111111111111111· ’1111111111 „.
11111111 11111111 .,
11111111 ,1019150113 1111111111 111 11...
111111111111 ek 131‚500 11118801 V. 1. 11111 1111111111
11. 11 188οι ,1.11. 11111111 111- 111111111111111111111111111111-
1111111111111111111 1111111111-1111- 111111 111 111 1111111111 1111111111
essm: 8111 ε1111.1.11.1111111111111
Τ11111111111111,, 17001100 11111111111111111111111111111111-
1111111111111111111111 3190310 111111111111111111111111111111111
1111111111 1111 gel( 9‚900 adbsslg:
11111119511111111111111111111111- 11111111111111, 1081117
11113111111111111111 111111111- 11111111 1088116
11111111111111111111111111111113 111111111 11111 111 11101)
11111ιό11111 ., 111000 111 188111. 1. 11111 11111111
1111111111.. 13111110 1111111111-11111111111111 1111111111-
1111111111111111111 71100 1111111111111111111111111 1111111111-
13, 11 189”1; 111111. 11. 11111111 111- affl:
1111111111 3111011111 111111111111111· Τό 1111111111, 100800
1111111111 1111111111 .. ’11131011
1111111111 „. 1190000 1111111111111111., 21100
11111111111111111111 3,300 5111890111. 1. 111111 11111111 1
11111111111111111ε 11111111111111 11111-11111111 10111-

1111 11111111111111 1111111111 1111111Ιό 1111111111 1111 1119501100 1111111111 11111111111111111111 -

11111111. 8111111111 1111111111 11111111 1111, 11111 1 1111111111 11111 111 1111111 1111111111 11810.
111111 11111111) 1111111111 1111111111111. 11111 11111111 1111111111 11111, 11111111111111.

1111111111 1111111 111 1111111 11111 1111. 111 1 11111111111111111 11111111 rondes 11111111 11111111 11111-
11111111111111111 11111111111111.0811,611.18“2 1111111. 1111111111 1111111111111111111115121788
horona, 1 111111111111111111111111111111111111 11111138,1;“11.110“11ο11111 1111 111. 111 11111111 1111111111,
111111 11111111 11111111 a 11111 1111111111, 1 [11111111111111111111111 111111111111111111111111111111,
111111111111 is 111 1111111 1111111111. 111111 1111111111111111111111111111111111111111 1111111110,
11111 1111111138 1111111 1111111 11Ιὸ1111111 1111111111 11 1111111111ιὸῂί 1111111 11111111. 811111111111111
1111111111. 111 1111111111111 111111111111111111 11111111, 1 11111111 11111111 1111111111 1111. 01111-
Ι11111111 1111111111 1111111 1111111111 (1111111111 s 1111 §zabad 11 111111, 111111 11 1111111111 ,11111-
111 11111111 11111 1111111111 111111111111111. 1111111111 1 11111111 1 111111111111111111111111111111
11111,1111111111111111111 11 111111111111111111. 1111111111 11111 111111111111111111111111 1111111
1111 11111111 11111 1111111, a mi hasznos. 1111111 111. a mi 11111111 1111111110 1111111111 111, 11
111111111111111111111 meg s 11111111 11 1111111111111111111111111111. 1111111111 111 111111 1111111 11 111111-
1111111111 11111111 11111111111111. 111 1111111111 11111111111111111111111111111 11111 sem, 111111 az
1111 1111111. 11 1111111 111111111111111111111111 11111111 11, 111111111111 is s 11111111 11111111111111111
11111111.111111111111111111111 1111111111. 1 1111111111 1111111111 1111111111 111111111111111 1111111-
111 1111111111 11111111 11111Ιὸ11111]11111111111111111111. 1111111111ιί okunk 11111 1 11111111, 111 1111 sines
111111, hogy 1111111111 1111111111, Arra 11111111 11111111111111 1111111 1111 11110111, 111111 megkiizdjiink 1
111111 11111 111111111111. 1] 1111111111, 1111 1111111111, 11111 11111111 1111111111 1 11111111 11111111 11111-
1111111111111111.Ε111111111111111·1111’111111111111 egos-*z 1111110111 a 1111111111 11111111111111111
11111111111111111 11111111. 11111111 misr 1111111111 11111111 1111110 11 1111111111 reformat. (1906, 1111.

-111, 1 0. az. 11111

11 (A 1111111111 1111111111 1111111111 «az 1901111 1111111111111111191111111111111111 11111111-
1111111111 1119111111.) 1 1111111111 1111111111 1111111111 1111111111111111,111111111111111111111111111111
1111111 11111111 1111111111 111111111111 is 1 1111111111111111 11111 111111111101111111111 11 111111111111111
1111111111111111. 1111111 11111 11111111 1111111111.111111111111111111111. 1111111111111111111111111111
1111111111ςεί 11111111111111111111111111 1111111111111111 1 11111 1111111111111111111111111111111-
11111111 1111111111 11111111111111, 11111111111111111 111111. 111111111111111111111 1111111111 1111111111
1111111111111 ,11111 1891. 1111, 1.-11. Ι1111111111111111111. 111111111111111111111111111111111111111111111
11111111111111ἔὲ11 1111111111111111 111ῗέ1· 1111111111111111111 11111
dani, 1111 1 1111111111(ἳεί 1111111111 1111111111111 1111 1111111111ῐό 1 1111111111111 1111111111111111
21581ἑ1ῃ-111Ξ1111111 11 11111 1111111. 111111 1 1111111111 1111111111 1111111111 11111111 1111111111, (1900, jul.

· ,11 irom.)

 

