70 1901 .· VII. t. 33. 1133331311313113331311113 8313333331.

osane-{myas
3113133113 33133

1333331133 33311 3131113 3333 13113-
· 13111, 1133313133 113111 1333333311,
, Ez 3 1131313333331 13333111 1133-
’ 33113133 (1311 3333 1333313111 133
3333113311. 2

Η1133311 11333333113 1133333333311

33133131, 1331111 11313311 33313331,

1 33 311111313 3133331133 3 133111-

’ 1 133 11113313333331 3333333333,
13131 11331331 3133133111 31.

11133311 1133111333 11ιὸ3 3331.
3333313131- 13 3313111111311. --
3 111. (11313311 113313 3313331311
ds 151. (11133311 1113313331111)
3313331 311 13313311 11311311331 --
nem 31131111331331. 133313 33311
1313131311 3333131 3133133111 31.
Α 3313333131 11133311 3333 3313313-
133133313311313 11331131113333331- ,
111. 133111 13 3333113111 3311
111331311113 1111111311 133 1333-
133111, mima 111133 3131 1331331,
111331333111 3311 1113313111 3’3
111111 1311; 13133 3 3313333131
11133311 3333 3313333131 1333313
313313 1113311311 13 3333131111, 133111
13 3333113111 3311 3333331131-13
333111111331 133313131333111 31,
13131 3 1611. 33. 311 1331331 131-
3313313111 3311 3333313131- 13
33131111111311.

1. 1111113311331331 1333111133113 him·
31331), 3131331311 33 3133331331
313113133331111131 3313111 311131-
3133 311131 313113333331333311133,
hogy 3311311133 3131 3333 131111
13131 3311331331 1131313311131111-
13111 Ι333331; nem 1331333313
171. 33. 311 33133333113113111131,
133331 mint 1131313313 331313133-
(11131

3. 1331111311, 1113133113 3333313 131111,
13 3333311313 133131 3333 13-
33331133 (113311311311133333313-
3331, (1133131111 311.) 13, 3333 33331.

 

