11106 .· XI. 1. cz. ΒίνᾰΙε ds 3199133313 31133133. az i9azs. 3313313333. 115

II. 1133311-831333333331531331 33 1868. 131 XXIII. 1.-33. 3333131 3
333311 13 3131311313 3111313131161 33311311 1113331113111311311 333116 113-
1133131331333313133 33 1333333 33333111 3313113, 3 3313 1333331333
ἓί1ἷ1331133133333333181 111331 313311331311 13 311113313131311 1133133
eo 1.

1113333333 13 1133311-5313333333313311131111 11313 113113311131
3331 3113111331 3313313316131, 3 331331 33 1868. 131 XXX. 1.-33.
5-111. §·ai 333313113333333331313 1133311-8313333-11313113331333133 31333
1131331331 31133331 [igyek 3111113133 133111131131.

1113311333133 13331131 1311331133116 133313311331331 eddig 3333133-
131133 3311311111161 3111311333

1. 33313113133111111313 1311331331

3) 33 13331 13 13333131131331 3331313113 1111131533
· 6) 3 1111331331131 113333 3331331331ςὶ 313113311131 1111131333

3) 33 1901. 13111111. 1,-33. 31333113 1313311 3333113613 Iereend6
1133311113εὸ3 ama 111331331311331 1333113133133331133333 1131333113133 331
3311313131, 3 331311133133131 31333 1333113133133 1331113111, 31331331
331868. 131 XXX. 1.-33. 5--10, 1-31 131311311331131331331 333 131131-
133161.

111 11113133113113313131313333 1113333311 1333331133331331313133331111
11311331331 pedig 3331 31333 3313331113 1311313311 Magyarorszfig 13 133311-
531333333331331 113113 1131131331, 3131 3 3311333 3313311111 133311 3
111131331131113333 11113131 133333 11311331331311333333313133113 133311.-
831333333331333131 11311333 1331311 11311331. ·

8111 1868 z XXX. 1.-33 13 1813 : XXXIV. 1.-33111331 3 jelen 1113-
3133 11131 3333 361331131133311313111333113331 133133131331.

xl. TORVENYcznffl

3113113113136311331 e's 1133γὲ3331331 1313131331 33113333131133331313-

13313331331905133313 1. 613 11131131311313333133131131311133 3

131333311331313331131361 (es 3331331 az 13333313131113333131313313331333
1331313131 1131313333 311313333131361111

(5333311131 333331 191111. 131 3113333133 111 1-13. 11111313113131133 190111313113311333 1133133113·
1111111. 131 augustin< 1111113 1313113111. 3313113333.)

1. ἕ. Α 1131131 1131313131 13 1331333131 13313111313113113113333133-
figyministeriumban 33 1899 ; XLVIII. [firve'nyczikk 13313313311113113 1131

111 (Α 1113331133 1333313111331 1311313133.) 3113. 1313631331 1311333133313331 1333131331 33 ignz-
sIgfigxministeriumhan 3316 1131313333 31131331131131311331111 181111τ111111. 1131333311 1331331331
131313 3311101111 1133133133 1631-13 13113111ιό333 1331113133161133313316333113333311311133
13131 331533 11181. (ev 1313333113 1331333311 33 311331 13333131133333131131133133133331313133333313-
33313311. Ει 3 1133113313333131 33131133. 33133131133133111313 1333313113γί1131131333113313111313
3111311311, a 113313111131333 1133331133 nem 1331111; 13 33331333333333131313111313133313113313 3
11111111’1111111111111111131111111111111131111118
313331 1331131331 3313333133133313131331331333 311313331311 31331311. 1113313311131 333 1ῡ3113113113131113
331313111133333 111 311313333311 1111111311131133133313 11331331311131531333133131111331331
3113 131111 333131 33 1111313131, 3 33133133 11 333331 33333313, sem 11 3313333 113111, Inonem 111331
31111333311331 1331131333 13 mind 3 331 33313133133131311. 1113131313, hogy 33 3311133131 ι 3311131·

111333 13333313. 1333. 10

 

