1

111 1873111. 1. 1111111111.

11.1.19061ρ1.1.30,130.11.1’.11. 1111,11111113111 131111111311 1111111 111111111 11111 n
1111111 111131111111 1111 111111111111111 11111 1111111111ιὸ 1111111131 11311 1131111111111111.
(11. T. 189.)

Λ1 1073111110. 1. 1111111111.
V. 6. 1906ῑ11. 1.-11, 1 111311111113 11 6111118111111-011111111111311 1111 1111111111 31111133
1331111113 111111111311111111.

11 1871111111. 1. 1111111111.

11111 1.-1111111 19091111. 1266! 1111111111 11111111 111111 11113111 11 1111111ε 19117 : V. 1.-11., 1
1111111111τὸ1, 1111 1111111111111 1111111111111111.

V. 6. 19111)11111111.21,138. 111111 11. 11. 1111, 1 11111111 1111111111 11111111 111111111111111.
111. ’1.119); v. 6. 1965 jun. 1131111. 11. 11. 11. 1111, 11111111111111111 111311111 1111111111111
az 111. 1111. 1111111111111111 11. 111. 111111113111111111111111111. [n ’1.117.)

Az 1117119111. 1. 11. 12. 1-11111.
V. 6. 19011 1119-11 7367811905. 11. 11. 1111, 131111111111113111111 111111111111111 (R. T. 16.)

Ar. 1871111111. 1. cz. 19. 3411101.
V. 6. 19116)11919,18111906.11.11.11. 1111, 1 11111111 111111111111111 1111Ιὸ1876.1’1113,158.
sz. 1111 1111111, 131111 1111111111 111111111111111. (11. T. 991.)

11118711111111111. 1. cz. 5⁰. 3111101.
V. 6. 1906 111311. 5. T. 2111111966. 11. 1. 11. 1111, 11 19711 mm. 1.-11. 50. 1-1, 1111111111

az 189911. 1.-11.1111111111111111. 61111111 111111111 11331111 1111111111 1331111111 1113111131ιὸ
011161189911. 1. 11. 1111 11611111111111111. T. 1228.)

,11 1874: 11111111. 1. 11. 5. 1111111.

V. 6. 19011 11111. 1. 3761111. 1. 11. 1111, 11111111111.111113311113111111111111111111 (11. T. 701.);
v. 6. 1905 11131. 1. 20977. 11. 1. 11. 1111, 111113311111111 111. 111113311113 111111111111111111
111. T. 701.); v. 6. 19011 11111. 11 1110. 11 1. 11. 1111, 111111111ἀό1 111. 111113311113 1111111-
11111111111111. T. 706.); v. 6. 1905111111. 10. 6310. 11. l. 11. 1111, 11111111111111 111. 1111131111-
113 111111111111111111 (11. T. 707.); v. 6. 1901111311 26. 31163. 11. 1. 11. 1111, 111111111111-
113311113 111611111111111111 (R. T. 708.);1.1.19011 111.11.37,118.11.1.11.1111, 01111111
111. 1111311113 111111111111111111111. T. 1676„ 1. 6. 11111. 1371. l. 11. 1111, Nummium
11133111 11111111131111 1111111131111111111111111. T. Ξ9.); v. 6. 19061111. 18, 12185. 1. 11. 1111,
1133111113111 1113311 1111133111 1011111311111111111111 (11. T. 5003 1. ὃ. 19001111. 111331.
sz. 1. 11.1111,1111)13γ11113 111111131111 1311111 Tubu 111111111311111111 (11. T. 611.); v. 6.
1006111115317. 1111111111, 1111113 1)111111111111111.111)13311113 1111113111111111-
1111111 1111 1611111111. (R. ’1.917.); v. 6. 19666111111116. Ι. 11. rond.. 1133111111 111, 111-
)13311113 111111111111111· 1113111111. (1906. 1111111111 111111118111.)

111 1875 : 11. 1. 1111111111.
121. 10011111. 1139609. 11. 1. 11. 1111, 11111111 111111111111111 1111111111ιί 11111111 11-
11111111111111· 1 1111111111. mint 1113. 1111111111 1111111111111111 1111111111111.)11. T. 11180.)

11 1875111111. 1. 11. 1. 3-11111.

111. 19061111. 17. 101690. 11. P. 11. 11. 1111. 1 1111111111 1111111111 11111 111111131111 1111111-
1311111111-,1111111111 1111011111 111111. 111611111111111111331111111131 1906. 1117. 11. 11113-
jelom, 13)·1111111’11 11,7111.11.11111111111 1331111111 111111111111111 116111111111111311111111

1113111111. (19011. 1116111111 1111111) 196. 11.)

 

