1906: VII. 1. 33. Κ33333333111113331331133 8333333331. 91

113 1333 1313333333 az 31131311 33331133 3133133131 33331133333113113, 33
33131311 31131313331131 331 33 31331311 3113133133331 3331 333113331
δᾶ11311. 131333 3113131, 3 11131331 1333113133 13331333133133 3333 313313113

3313 333333131333133331333313313333 3133331331331113311333333311 33333
. 313333311311131, 11331 33331 331331331311 3133333 313, 3333333 3313131331-
1331313333313331 3333133333 3331311331 3133131313 313333 3113333131111311.

V. Ha 33 3113131 3 331333133311 31133131 31333333331331, 3331331 333-
3333333133 331333331331 11133 1311 3113311331. 33 33 3113131 3333333333
33333 3113333 333, 33 33331 3313 111333313133 313 3331 311113113113133133
113331 3313 3313333133 33313 3 31333331 33113 1111313113 1313333333 33311311 .
33111 3333333333.

113 33 3113131 33333333333311 van 1313333331, 311313 33311311 331331
33 31331 3313 1113333133 3 3133333 33 113 33331 3313 3313333133 3 333111-
1313111 3113131331133331 3333333131.

33311333, 33 33 3113131331 33331 3313 31333331333 31131313331331333
1311333 11331111 33 3133111133 13333133 311311 1113333331113111, 3333 3 313331
3313331111 3133131, 31133 3 3133333 3113131 31311 3313113111 33333111.

111. 113 33 3113131 133133111 3 11133331 1333 33133331 33331133 311311113-
33131333113311311 33133133 1313113 3133 13333133333311333133333133
31; 31133 3 3111333333 33333 3 3313131333331 3333131 1311 3133331, 333331
3 1333333331 1333113311 133331133331 11331 11133111, 3 1111 33 13313133
1333331 3313333 31131 1333313333.

1111. 1131. 3311. 111311133131133131331333331 3 331331333131313313333·
33133 3331311, 3333313133 3 1313113133, 13111311131133333 3333 31313133 333133-
331 3 33131311 31331311311313133 13 31131313333331.

1111. 3133311313313 1311111333, 3333333 3333 131311313313, 131331113333-
33333 33333 3131313333 33331 3331311131 3 3313333 3313 3111313333 113333
31313311311 3331313333333 33 3333 3131131131 33331 1313133331 111331313Ιὸ
3133331333313 13 3113131333333.

113333 1333313331313313333 1333331333

(3313331313 13331313 333333113, 131311313333 1313331333333313 31133
31313133331133313111333331,133313113111131 33 1333331 333331, 33331331
33 33333331, 331313131 331131’ 33 33313 331131 33133, 33333 113333 311313
11333133133313333333333 33131311. 1311313133 3333 331 1131331, 3 313133133
33333113131 3 33311313131311 113111 131131131;

33)1133313331,1313113133131,1313133333333131 3333 111313133331313333-
331333113113131131 33331 3331 33 333Ι 33 33313 331-333 113333 33311111311;

3331 1111113311 13333 3133 03 1333131313,

minden 1333131 1136 n
minden juh 311113 n
vaJ' minden 13333 « 113 (1
minden 1333133 333 n

A 133313, 31131313, 1313111133333311- 31133 31313113113131 111311 11 11111311
33131333131311 3313 1331331333331 13333 33111 3133331333331 3333113 33311
3331-3333311131133133331 11133 3 31333313333 1111333131 3333111311 11 111131
3313313311 33131331331311133311 3333333131.

111. A 331333313113313133131 33 11 3333333331 311311113331131 131313331
333131313131313111313331333, 1113313311. 1333133, 31131313313, 131111·-

 

