.6z 18792x1.. 1 cz. 11. 111111.

11. 6. 1906 11111. 8167911905 11. Β. 11. 1111, 111111111111111111111111111 111111111111 ’
1111111 1111111 111111111111111111111111111.(11. T. 1.)

,11 18791111.. 1116511101

Β1ὼ1151έ9111ἷ 111. 3. um 111111. 11111, 1111111ιί 11111111111111111111111111111 111111111111

111880111111111. t. czlkkhez.
6'. 6. 1906111. 1.·11. d) 1111111.

1118801119.101391111114111101.

1119116111 15 39μο00 11111 111111111111111111111111 [111111111111 11 11111111111 ·

111 1111111111 11111111111111111151 11 u 11111 1111111111 111111 111111111111111316384)
1906111. 15. 39,001.11.111.1111.1(11111111111111111111111111111111111111111111111 1111111111
, (1111111196, 1111111 u 11111111 11 1111111Ιὶ 1111111111 11111111111111111111111111111 (11 T. 1611.)

1118801111111. 1. 1111111111.
1111906111 1.,-11 3.,1.

Az 1881. 111. 1. 1111111111.
1 1190119731 11. 11. 11. 1111, 111111111111111111111111111111111.(11.1.131191

11 188111111. 1. 1111111111.

11.-1111111 11111111 11111 1111111 1 1111111111 111111 ο11111111111111111111111111 1111111111-
11111 11111 1900111111. hez.

1118811119. 1111111111.

T ο. 19911111 20. 6111191905 1111 11.1111111111111111111119111111115111111111111111-
1111111111111111111111.(11 T. 136); 1,1.1906111.19-1115,.531 11 11.11.1111.,11111111111
1111110111 111116111111 11119111111111 11111 11111111111111111111111 1111111111111 111111111111111111·
111 (11 1056.)

,11188111111111 ·.10 61 28. 1·.1111101
6 6. 19111111.31.15,.191 1111.11.1111,1111111111 111111111111111111111111111111111511-
111111 1111111111. (11. ’1.1703)

Az 1881111111. 1. cz. 91. mimz.
V. 1 1906111115. 31661. 11. 11. 11. 1111, 111111111111111111 11111111111111111111111111111- ,

101111011111111 1111111111111 1111111111 1111 1111111111111111. (11. T. 615.)

11, 18811 11111111111111111111.
1119051111 1991636. 11. P. 111111, 111111111116111111111111111· (11. T. 1679.)

1118811111. 111 93111101.
V.' ο. 1905 1113011109 1111111905111.13.33,676.11.11.11.1111.,111111111111111

1111. 111. 111111111111111 1111111111111111111111. ’1.103.); 1. 6. 1905 mma 1. 2599. 11. 1. 11.
11 1005 mimz. 31. 111889. 11. 11. 11. tend.. 1111111111 1111111111111111 1111 1111111111 11111111 11·
111111 (11. T. 187.); v. 6. 1905 jun. 8. 11991111. 1. 11. 11 19051111. 31. 63370. 11. 11. 11. 1111,
1111111111 1111111111111111 11111111. 1.11111111(11.’1,171.); 1. 6. 1905111111. 98. 1160311995.
,11. 1 11. e's 1900 111. 11. 101,17711905.11.3.11.1111., 1111111111 111111111111111 1111111111111111.
111.111ο1111(11. Τ. 1567.); v. 6. 19116 sehr. 9. Ξ,885.11.1.11.111906 1111. 15. 1170111.
B. 11. 1111.,1111111111 111111111111111 8111111111 r. 111. 1111111111. T. 595).

6

 

