39113113. 1. cz. A 133333133333331333313333311113. 6. 3333131331. 1111

13311331133331111311 1113331331 1313131 33 313111 33313133133131131-
333311313133333, 3131333331131 3333 1313313133 33313333131333331111-
11313133 33333131 3333311311 133331 13 3331131331 13131313.

113133 3331111331 1313333333 - 3 13333113333131331331313131333 -
3133313333 111131313313 33 31133, 333333333 13113131313133133, 331313311
33333331 333333113313.

12. 5. 313 3131331 333331331 3 1311311113133113113331113111133313333-
1333 33313133 3333 van 3 1333313131313113313333333 1133131 3131333331
3331 1313311311 3 13333333 1331331333 33 333313133113311 13333333311111-
1313131 131333 133331111331.

13. 5. Α 1313113333 33 1313331 33331 133331111311 1131313131131 333111133-
13133 33113 33333331 3 33333331 33 1133131 13333 13113333313133 333
13333331133131 1333313131 minister, 3133333313 333311333331333331 11131
11101331333333 13 1-33 3331313113333333333,111313133 3 3313133133
131313133 3113 1313333331111331 13333133 33 333311113313133133133.

Α 131333333111133 13331 1313331111 1333 131331333313 33 33 311333 3333333
1331333311 333333333331 33 333331131133331133313133 13 3333333331 1333331.

Α 13313111 1313333133333331 3113133333131 1313113 3 3333113313313-
331313 z6zbipl6ns6gi 11133331,333111 3 1333333331 33 1313333313 3331111333
131131313 33 13

13 3333131333 13333333 11113133 313133331οά31 3 13133313331111333133
3333113311 3331313331133 3 33 311331331311 [33331133311331 1ο3’ 33 33333-
3333331133133133131131 3 333111133133 3311133333 131333331331 133333113-
33333333 33 1333331331333 3133331331 3331331113 33 1131311 3333313331333-
(1311333333 1333311333, 3 13333133 3331113111 33 1131311 3331331333131 3313
1113311313 11333133 33 3 1313331 33333333133133313133 13333133311333311
133311 1333331313 333131333131331.

113131331313113 33 333313133313333333 3333 13133333333313 33 3331-
33131133313133113313 311313133113131. 13313311 3 1311333311333131331331
333313311313113333 uj 331113333311133 3333 133133133133331313131133
3313 133333131333 133311331133 3 33333331 3311133131 13333 1311333131313-
rium 31131 1113131131, 1333 3333311331113131 133331.

131333 33 3333333133 333133 11113133 33 3333131333 13333333 3 333131-
333333131 33 13313131333131 3 33313133333111333313333313333331311313111-
133 13313331311 333 3133333131 3 3331311313311313133 13311331311 333
3113333313 3 1313331 133331111311113333133 31131333333331 3331111331.

11313331 3331111333133 3333111333 1331113133333131 33 131333333331
331331 3313111133 3333333331 3 333133131133 31333 3133333 1133131 133331-
33333 33 3333 333331313313, 3331331 13131 3 13133333 1133333113 3333313
333133 31131333 313113113331.

133111 11113133 33 3333131333 13333333 1313113311 113133331οά31 3333
13133333131133, 3131331 3 13133333, 13111333333333133 313333133311-
33313311311331331331 31131333333333 333311333133 33 1813. 331 11. 11133333-
33111133 33333113311331.

11. 5. 3133113311 113313133131, 113313133131 33 3331331, 111 3 13313131
1333331333 33 1131313 131311331313 1313333111 333113333131. 1333 33 311333
3313131331 3333 333313133113313133333 1313 3333311333 333311, 3333 3111131311
333131131 33 3333311311333313333131311333331331 33 331, 1333 33111313133
1313333311313331133131,1333313“31; uti 3311311131333111 133333 3331133131.

 

