’ 161 1906111. 131. Ρ611111111311333161111131361811113311313163311131.

3) 3 1313111· 133313 1311311133 1313331133 11131 1131311131163111113161,
33311113113163 1131111511313331311331 13133313 161136331331 1363163613
3111316; ,

11111 1889 : XXVlX 1.-3111133 3133316 1363331333631 611, 31311, 31131
1116313333 316113 311311613631313, 3 1333331113 1113111 3331 1611311311.

1111 1133131313113 63 131111-811313331311331 1616111613316311 13-
31133113 311 3161133 31133116 1333. 3 mint az 311613 31 1889. 611 111.
1.-31111 5. 11331 3131331133 13311311 1131166611, 3 161311316 1361133111-
3311311

1. 111 1815. 6111111. 1.-3111133 3133316 3111111131 3661, 313313311131 63
113136613163 3 13116161366131 11316133, 31 3 31133133 6311118113133-
31311331133 16311331313111 1131613131 63 1631133 1313131111113111331 3 13-
311133113161 11133133661; 3 13113111131111-811313331311331331316116333
’6131131131 13111331161 313116 113113 16116136311331 3116311113311336613133,
11331 3113131613111 31 1113311 1113133613 3131131 31 1815. 611 XX.
1.-3111133 3133316 3111111131 31161161, 31 ὃ33133 133133111316311313661161
63 3 131161613661161 3 313313113133331311331 33631 1331131613 36113
11313131311633133163113333 1316131, 63 31161 31 6331331161 1311131331 31
111316 611133ε

1. 31 1815. 611 XX. 1.-3111133 31311316 3111111131 3116 131316361311116
’ 63 31 1113311 1113113131113 3313333 3661 63 1616131131133313311631 36116131
111313 313113331133 111 313313163 31311 3 1333131 131333 31311331 33631
1311131613 36113 11163 1116313131633133163113333 11361331.

1. X 13313311131 6311313661 13131636131 1116 63 31 1113311 1113113131113
1331-3311131 63 11313661 311313 31311 113131313111 3133131 131333 31311331
3363113111316313113311111633133 163113333 11361331, 111613

3) 3 1111111333131, 131331131 3 31111161363313131 1899. 611 11. 1.-31.
1. 13111316133311961. 611 XVlll. 1.-31. ’1. 13 31311113 3133111316 16313-
336631 1313161 31111163 3 1333131· 131333 31311331 33631131111316313113311111
163113333 1136133131;

6) 3 131111-31131333131131 11311361631 13331 3113 36311 1111313311131
161611611331163613 63 1331313113 31 1888. 6111111111. 1.-31. 31311113 131-
133111111611113333 1136133131. .

3.11111331313131131 13313313311131 3116 3113163 31611633133 1113113333
1131613131.

111 31331313131131 1311131366 3113163 31611163113333 131613131331 31
3 16313, 3 31311 31 1881. 61111111. 1.-31. 11131 3131111313111311331331-
1113136613 3311.

5. Α 131161613661 13131636131 1116 63 31 1113311 111311313613 131161613661
311133 31311 11313131311, 3 1333131 131333313113313363113161316313131311111
633133 1631133113 11361331.

X 3133131 131333 31311331 1311131613 36113111136633 3131116131131-
1331 &XXXX-a 133366 131111-81131333131133133131616633316131131131
13111331661 3136616131131313 3111313163 Η31111-51Ι313331311331331 31161
316131131111616113113133116 31 1888. 611 XXXV. 1.-31. 50. ,13 31311133
1311113113133313113111313161631 13331 3113 36311111131331113116161161-
1331163316313133131 3111363 1313131611 1131113;1131, 1331 31 3133 11361331
13631633 11113 1333131361 633133 1611311 Η31111-511313331311331331 31331
1333331313111613631311 13111331161 31366 113113 16116136313161.

 

