154 1906 .· XV. t. 11. Α 1191111111-111111111111111, 1. wsutuonalrot.

1111111111111 1111111 1111111 111111111111 1111111111 1111111111 1111-
1111111. 1. 11111111111 1111111111 1880. 11111111. 111111111111-
11111 1888. 111 11.1-1111111 1111111 111111111111111111111 11111111111-
1111 1111111 111111111111111.

21. A ministerium 111111111111111 1111111, 1111 11111 1111] 11111
11111111111111111111, 1 1111111111 1111111111, 1111111 1 1111 1111111

188111111111. 1.-11111 5. 11 6. 1-11111 11111111 11111111 111111111-
111111 1 1111111-111111-11111111111 111111111111, 1111111111 11 11111

1) 1 11111 111111111111111111111111111 1111111111 ’ 111111111111111,111 111111111111 1111-
1111111 11111111 1111111111111111111111 1111111111 1111 11 1111111111 235 111111 111 1111111.
1111101111 11111111111111111111111,11111111 1111111 1111111111 -11111111111111111-
1111111111111111111- 1111111111111111111, 11111111 111 11111, 11111111 111 1111111111, 1111111111
11111111111111111111. 11 11111 1111 1111111111ιί 1 1111111111 11111111 11 111111111111111 11111
121, 1111111 1110111111111, 1111111111 1118881111. mikkhen 1111111111111 10-10 essm
1111111811-111 1111111111 111111 1111 1111111111. Α 1111 1111111976100111111111111111111,1111-
111111 {z 11111111111111111110 1111οῶ &briem 111111 1111111111111111311111111ὶ1ἰ11.0(1ὲο“1,111111ὀ11111111

V , “ , ι
1.111“1.11”1111111111 1111111111111111111111111 1111111
111111111111 1111111111 1111 111111111111.

A 11111 111111111111 1111111111111111111 1111111111. 1111111111 111111111111111 1 (1111111111
1111111 11111, 1111111 1 8111111111 11 1 “pragi 1111111111 1 11111111111111 11111111111111111111-
11111111111111111111 1111111111 111 111111111 11 1111111111 111111111 1111111111 1111111111 111
11111111 111111111111111 111 11111111 1 111111 111111 11111 111111 111111111111111111111111 1111111-

’ · 1111 1111111,1111111111 111111111111111 11111111111111 1111111111 111111 111111111111111.111 111

1111111111 m. kjr. 111111111111 1111111 1111111111 a 81111111 111111111111 11111111 111111 1111111111ιί
11111111111111111111 1111 11111111 111111 1111111111111 111111111. 11111111 1 11111 1111111 11111
1111 111111 11 111111111111 111111111111111111111. 1111111111 1 11111111 1111111 11111 1111111
1111111111111101.111111111111111111 XXX, 111111111111111111111
1111111111, 111111111111111111111111111111 1111111111 1111111111 1111111 11,,11111111111111111, hoff
11111111111111111111 1111111111 1111111111 111 1111111111 11111 az 11111111 1111111111,1 111 -
1111 1111111111 11 az 1111111 1111111111111ν 11111111 11111 11, 1111111111 11111111111111111111 1111.
111111111111111111111111111111111111111Ὓὲ 1111111111ζῖ

1111111111 11 Ι111111111-11111111111111111111111111 1111111111111111111111111111 1111111111

1111111111111 111·1111111“1111,11111111111 1111111 18110. 111 XX 1. 111. 1-11 1-1, 11111111
1111111111 1111111111 1111 1111111111111111 1 11111111 11113. 111 november 11 111-111111111888111
lv. 1-11 1-11 §.anah 11111111 11111111 1111111111 111 11111111111111111 11111 111111 111111
1933. 111 11111111111111111111 1111111111111 111.

,11 1111οε11111. 1-11. 11. 1-1111 c) 1111111 11111111111111111111111111111111111111111)1111111
11111111 30 111 1111111 1833. 111 1111111111 11 1-11,1111111111.-11.11111-111111111 1111111111111111111-
1111111111 11113. 111 1111111111 11 1-11 11111 11, 111111111111111111111111, 11111 1111111 1111111111
11111 11111111111111111 1111111 1111111111 11 1-1111 1111111111-111111111111 11111 1111111 111111
11111111,1111111111 11111111111111 111111 111111111ιὸ 111111111111111111111111111111 111-
11111111111111 1111111111111111 11111111111111111 1111111111 1111111111 1111111. 11 1111111111·
11111111111111111111111111111111111111111111111 111111 1111111111 1111111 1111111111 1111111111
11111111111111 1111111111111. (1906. 1111. 19-e'n¹ 11111, 13.11.ν1“1111,) 11111111111111111111111011
ε1ρ1111111111111111 ΝΖΙ.11111111111111ἃ111111111111111111111111111111111) . 1111111111 11111 1111111 111.
11111111111111111111 1111111111, 11111 1 111 111111 111111-1111111111111111 1111111111 11111-
111, 1111111111 11 1111111111 111111111111 1 1111 1111 1111111111ιὸ 1 111111, 111111 11111 111111·
1111111111111111 11111111 1 1. 111. 1111111111 11111111-1111111 111111111111111111111111
1111111111.. 111-11111111111111111111 1111111111 1111111 111111. 1111111111111 11111111 1111111111
111111 111111 is 1111111111 11· 1111111111 1111111111ῐό. 111 meg 1 111111111111111 1111111 111-
111111111 1111111111 1111 1 11111 1111111111 . . ,1111111 1111111 1 1111111111, 11111111111111111111,
1111111 11 18811. 111 XXXX. 1111111111115. 111. ,S 11111 11111111 1111111111 111111111111111111111-
11111111111111111. 11111111 1 1111111111111111111111,111111111111111111111-1111111111,1111
11111 1111111111 1111111111 1111111111-111111111111 1111111111111 1111111111 111111111111111 meg.
11111111 111 1111111111111111111111111 1111111 1111 1111111111 1111111111111111, 1111111111111111 11111,
111111 11 11111111 1111111111 1111111111111111111111 11 1111111111 1111111 11111111 . 1111111. 11111 1111·
1111111111111 [1111111111 111111111111111111 1111111111 1111, A 1111111111 1111111 1111111111] java-
1111111111111111111111111111 1111111111, 11111 1 1111111111 111111111111111111111111111111 11 111111111-
11111111111111111. (1916.-111. xz. 1111.) 1. 1. 1111 1111. 11111111 1111111. 19061111.
19. 1111111111ίό 1111111111.

 

