11 19116 .· I. 1, cz. Α 333369333333933 11333333 3331133313 3333131331,

8. cmx.

A jelen 3313331331 13133333133131 3 1333133133 3333 31333311 31131313-
3331, 3313331313 3333331313 13333 [3311333133 13333313333113313313, 313-
1131 1331331311 33133313331313133 333331 33 3131131131. 33 1113111 3333311
1333331133333 1313333113 333311 3133333131 3135131111.

1131313311 3133 131133 3 33333133 vad 1333111333 3331 131331333331 333
133333133311311133331133 1333 megengedve..

Α 3333311113 3113333113113331331 3333Ί hogy 3331331 3 33333133 331131-
33113333113331, 3331111333133313113131, 3 3131131331 33113333131331113111113
111133 333, 3333 11131331 13313313 313111111331 meg.

9. CZlKK.

,1333333313 1313131313111113 11331313131 13131 313133 3513331331 13-
133333133131 3111;

1. 11333 1333333133 33333, 3 313113133133131333113333133 331111313-
333133 1333331331, 1333331 33 133311333133333331133333113333313311-
engedi;

⁶2. 333133 3 3133333133 33333, 3 [3311313133 3333311333331133333 33
311331 3133353333331133 3313131333113311311111 meg.

,13111313 333333 11133331133333 31131 3333331111311 1113313133 1331331113-
313133 3131331 33111 1. pontia 311313133331 3133 333133 3 3333333133, 3
31311311 333111333133113331311313111. 333313 1331331133 13133331331.

10. (1211111.

A magas 3333311113 13131 1313313131 1333311, 13111333331311313 13133
3113313331 13133331333131331333113331331 31313333 33113131 3331313313
1133331 3333 131311333133333313 133331.

11. (1111111.

Α magas 3333311113 13131 3313333331 11133131 13111313, 3 1333331313333331
1333311333 31133, 333131 3 1333331313331331133331331 13133131333131, 3
3131131 311331311133 3 13133 3513331331 133111333333311133313113133333331-
133 31133311,33,313131133 1333131131.

19. CZlKK.

Amagas 3333331131 131311, 13 333133333331 1311313, 1313133113131131131
1331331131 egy 3333311331 331313313133, 31311 11133133 1333 33 3113331331
3313311311333 33333 1311333313 133333313113333113131 33 311 31311331133313
13331133331313113331, 3 3131131331 1333333333313 1313331313113333113.

13. 11211111.

11331133 31133131, 31331131 313133 3313331331133 3331 33113133331;
311133, 113 1113331313. 333113133131331. 1333 333113133331111133131131 11133 3

 

