110 19011. 1. cz. Ρο1111111111101111111Ηο11101-8111101101110101101

3. fi. 11 1868 : XXX. 1.-01111 13. ,1111111 11011010111011110101110111111
11111 1010111111 11 1011111111, 1111111011111 0111111 11 101110101οη 11010-

11111111111111111101011111,11111101 11 1111111 11 1111101111 1101 11111-11101 11 1890-1038. 1111
1111101 011 11111101111101111111111111101011 111111011010111 1011111111111 110111111101 11111111
1111111111. 1111110111 1110110111 111 1 10111 11111011. 1101111 11011111 1101111- 11 51110101111110111111-
11111101111000 1110111101-1111111111 500711 11111 1011111111. 101111 1111111011101111011111,
1111111101 11 1800-1308 111 1111111 11 1111101011 111011 10101011111101 111 111111 11 01111 111111
11111 10101011111010101101; 111111 11111 11 1111111 11110111 11 1111101111 1101 &boso-a 18110101 11110111
1 1111101 1101111 11111 0115115,51011-111 0111110111, 0111111111 1111110111111111 1111111111111 111
501100 11-111 1011111101. 0011111101 1 101011οΙ011111308. 111111111110101011101111111111101
111111111111111111111111111111ἒὲ11111 11“ἔ11111”1111ἷ1111111“· 11111101
11190. 111111 11111111 0111111111 1011101111 11101 MQ'o-anakgjfivedelmei 1101111111 1111 0111 1111111111
1111110111, 11111111 1011101 11111 11110178011111111111110 1111111011101101101, 111 0111111111
111101011111150110101111111111110111101 1111 11101111101111101 1110111110, 1011 01111111 11
1001. 011 111101011 111111111οῑ11 111111111011 31113113 11-111 1011 1111101111 1111111010 010111101-
1111111110110111101111111 11111111. 1111110111 1101111 1101 5001, 05110111 11 11111111111111111
10101 1101111111 1010101110 1011 1011111110, 1 1111 ,1111οΙ1 01111 11111111111111 011111111101 1
1110111111 1011101011111 1110 110111111111111111 0111111011, meg 10111111 1101010100111 10101111011 11
111010111111 11111111111101 110111, 1 111 111111101111011 1111101111 1 111 11 1011 11111111, 110111
1101111- 11 811110101111101 1111111011111 1111011101111111111; 1 11111 1101111, 1 111111 0111111101
11101011 11111111111111 01110011, 11111111 1011 1111011110, 110111 0111111111 0 (11111 10110111 11
11111111 1111111111011101101 1111111111111, hanam 1101111 11 111111 0111101111111111111111 11101-11
..1 1, -11,

011111111110101111111111 13118101 1110 1111111110 11011111 1111 1101011101, 1111111111111111
111111101 1111111110101111 1011111111 11101011011011100 1011111.

11111 1111101 11111101 18110- 11111 1310871 11-1, 1031-1101 15110083 11-1, 18011111 ’1039399 11-1,
18031111 3111311111 11-11 18011111 ammo 11-1, 13011101 1101710Ι1-1,1000-11111,1193.10611-1,
18071111 1111711111 11-1, 18331111 1800131 1131, 11101-1113173000 11-1, 1111111-11113.111,111711-ι,
11101-11011 31101001 11-1, Α 10 1111111 11101 1010101111 111111, 1 11011 1800101 1090113110123111-111
111111010111807-101 11101-11 1110230 11-111. 111111111111111111111111 1711811 Κ-111011111111. 11011111
011101011111111101 1111111101 1101111101 1111011111 1111 1111 11011111011111, 110111101111- 11 8111101011111101
11101011 111111111111111 1010101011 111101 111110111101111110111111111. 111011 1111111111 111101110110-
1110111110111010101511101101010111011111111111011111111 101051ος 11111111 11011111 1111011110 &p
011111110101111111100111111111111011 1101111- 11 8111101011111011 1111111 111111111010101111
110111111111011111011 1111111111 11οΙ110111 111 1110111111 101011 011111 11111111, 1 110111110111111-
11101111110101111111 1111111111 111111οΙοΙ11 1111 101101, nem 01011111ῑὶ1 mog 111111011 01111101
1110111111 11111, 110111 1011110111 1011111111111111111 1111101111111101 1 1111111 1111111 1101 1101011
1110101011 111111110111 1010111110 11011101111111111; 011011010101; 1111011110 0111101111011111-
11111,11011111110111101011 1101111- 11 011110101111101 011111 1011111111οἰ 110111111111111111. 110111
11111111 11 111 11101111 1111110 011 11, 10111111 10110111. 111 11111 1111111111 001111, 51111011- 11 11111011-
011111101 0111111111110101 011111010110111111 1101011111 1101011111οη 11001111010111111111011110111
11101 11111111.

011101110111111011110 1111101101 11111 1111111011 1 1111111 011111111111 111011 1111111011111101
111011511111111110111111111111110111 1111111110 1111101 1010101101, 1111111011ὄί 111110 111, ama
1010110111111 1111111, 110111. i. 11101 1011011111111110101111 1101111, 1 11110101111111111111111
10110111, 10 1101 1111111111111111111101110011110. 1111011011· 111101 0111111 01111111111111 11111 1111·
1001111101111011111111011111101 1 1111111-1111101 01111101 1111011111 1111111111111101, 1111011111
11110 1101111 11011. 1111111 111111 1101 1111111 1111111 0111 111 1101011011111 1111111101 101111-101111, 111
1101111101111111111111111111111110110111111111110111 0101011111101 11101101, 1101 1011111101,
101111111111111111,1111111101 11111111 11111111 0111111111 111111111010111 1111110 1 11111111111
11111111 0111111111111111 01 1111101101111101 1110111111111 1111111101 11110101 1111111111111,1011
1110111 11011 1111111111 l 11 1111101101101, 1 1111111111111, 1111111111 0101111111 11 1110111011, 1111011
1101111-010111101011111101 101111111111001110111111111 11111111 11111011 1111111111101110110111110,
mima 11111111101111111011111111. 11111111111111010501 1111 1110101111101,11111111111111011111-

, 1111111111101111111 1111011111 1 1101111-11111011 01111101 1111001111111 [0111111111 1101111010

ν 1010101110111011 01011011.

1111111111 011111111111 111011 11111011 01111101 1111001111 1101111111111110 01110111111101 0111111011,
10111 Ηο1111- 11 0111101011111101 11 111 1011110111 110101111101 11101111111111 ’1101111011 1111
1101111111, 10 1011110511 1111111111. 110111 101111 1011111 1011110111,11011110111111111110111011011011,
1 1101101111 01111101111 1111111111. 11111111 101111 110 11111111111111 1101011111 011111010110111
01111, 1111111 1111111111111 111 11 11111111. 111 011111 111, 11101 1111101, 11111 1 11101111111110111111-
011110111101111 1111111111 1111111111111 1101111111111, 111111111011 1011, 111011 1111011110 1111 111111
11111110 nem 11110110 11 10111111. mint 1 111111110111111 11 011111 11111 101111111111111. 1111111 1 111-
11111111111111111 ἐς111111111Β 11111 ’111111111111,-1111 0111111111 ⁶}

11101, 111111 111111, 0111111101 111111110101110111110 111101. 11111 11111101. 111101111101111111111111-

 

