1901111.1.11.11111111111111111111113111111111. - 13

- 1111111111 11111 1111111111 1111111111 1 11111, 11111111111111111

1111, 11111111 111111111111 11111 1111111111111- 111111 1111111111- ’

1111111111 1111111111 1111111111 1111111111 11111111- a 1111111 111111111-
111, 1 111111 1111111 11111 11111111 11111111111111111111 1111111111
111111111111, 111111· 1 11111111111 1111111 11111111 11111111 11111111
111111111111111111 111111111.

7. GZIKK.

,1111 1111111111, 11111111 1111 111111111111, 111 11111111 11111111
11111111 11111 11111Ιί1111 111111111111111111 11111111111, 1111111111111
11111111111111111111111111, 111111111111 111111111111, 1111111 11111111-
1111 11111111 1111111, 11 1111111111111 1111111111 11111111 111111111-
ket 11111111; 1111111111 1111, 111111111111 11111111 111 111111111111111
111111111111, 11111111111111111111111 111111111 11111111 11111, 11111-
111111111, 1111111 111111111111111111 111111111111 11 1111111111111111111-
11111 1111111 1111111111111 11111 1111 1111111111111, 111111 1111111111
111111111111111 111111111111 11111111 - 1111111111 111111111111 1111111111-
11111111111111111111111111111, 1111111, 1111 1 1111111111111111111111
11111111111111111 1111111.

111111111111111111 11111111 11111111111111111111111111111111111 111-
1111111111111111 1111111111 1111111, nem 11111 111111 11.

111 111111111111111 1 C) 111111111111111111111 11111111111111111 11.

111111111111111 1111111111 1111111 1111111 1111111111 111, 1111 11111
1111111111 1111111111111111111111111111 11111111111111111, 11 1111 1111
1111111111111111111111111 111111 1111111111111 111111 111111111111111-
1111 1111111111111111

Α 11111111 11111 1111111111, 1111 111111111111 11111 11 11111 1111111111
11111111111 11111111 11111 111 11111111111 1 1111111111 111111111 11 1111-
111111111 1111111,111111111111 111111111 111111111111111 11111111
111111111111111111111 1111111111 1111 111111111111111111111,111111
11111 1111111111

1111111111 11111 1111111111 1111111111,1111 11111111111111111111 11
1111111 111111 1111 1111111111 (111 111111111 11 1111111111 1111111111
11111111111111111111) 1111 11111111 11111 1111 111111111111111111111
111 1111111111 11111111111 11111111111111 11111111.

Α 1111111111 111111111111, 11111111 1 111111111111111 11111111111
1111 11111111111111111111, 1 1111111111 11111111111 1111111 11111111
1111111111111111 111111111 a 1111111111111 1111111111111 111111 11111-11
1111111.

8. CZlKK.

111111111111111111 11111111 1111111111111, 1111111111 1111111111111-
11111, 111111111111111111 11111111111111, 1111111 1111111111 a 11111111
11111 1111111111 1111111111 111 11 11111 1111111111 1111111111 1111111111
111111111111; 1 111111 111 1111111111 11111 111111111111 1111 1111111111-
1111111 11 1111111111 11111 111111111111 1111111111111111111111111111111-
111111111 11 11111111111 a 1111111 11111 11111 111- 11111 1111111111 pert
111111111111. 11111 111111, 111111 az ily 1111111111 1111111111111 11
111111111111111111 11111111 111 1111111111 11111111111111111111111,

 

