116 191111· .· Χ VJ. 1. cz. Az 1111-11111111111111111111111111. 1111111111.

11111 11111111-11111 1111111111 11111111111111 11111 a nagyvinradi 111111
1111111111111-1111-111111111111111 1111111111 1111111 1111111111 1111111
1111111 1111111 1111111111 Ι111111111111111 1111111111, 1111 11111111
1111111115 1111111111 1111111111 11 1 11111111111111 1111111111 11111111
1111111 11111111 1111111111 1111111111111111 1111, 11111111111111111-
11111 1111111ῑό 1. 1. 1111111111 1880. 111 111111.1’11888.1111 111111-
11111111111111 111111111111111111 1111111 1111111111111111111111111111
1111111111111111.

2. fi. Α 1111111111111111 minister 11 1. 1-111 11111111 1. 1. 111111
1131111111111111 11111111111111111888.1111Χ111. 1111111111 1. 11
1111111111 11111111111111111 11111111111111.

11111111 1111111 11 1111111111 11111111111-111 1111 1111111111

11111111111111111111 1111111111 11111111111111111111111 111111111111111111111111111111111111
1111111 111111 1111111111 111. Α 1113111111 111111 1111111 11 111111111111111111111 11111111 1111111111
1111111111 1111115111 1111111111 11111111 11111 1 1111111111.11111111111111111111111111
11111111111111-11111111111111 111111111111111111111111; 1111111, 111111111111111111111111-
111 1111111111 111111 1111111111 1111 1111111111 1111 1111111 111111111111 1111111111 mem 111111.
11111 111111111111111111 11111 1111111 11111111 1111111 1111111111. 11111111 111111111111 11111111·
111 1111111111 11 111 11111111 11111111111111111. 11 1111111111 1111111 11 1111111111υά1·
1111 1111111111 1111 &wo-11, 11111119151110111111 111111111111111111111, vugyis 11181111111111
11111 78111-11 1111111111 1111111111 11111111 1111111111 1111111111 1111111111 111111 fona
1111111111. Λ 11121111 111111 1111111111111111 [1111111111111111111111111111111111111111111-
1111111111111 1111111 1111111111111111111 1111111111 11111111111.1111111111 11 1888, 111 lV. 1111111-
1111111111111111 1 11111111 1111111111111111111111111111 1111111111όεί 11111111111111111111111
11 1111111111 111 1111 111111 11111111, 111111111111111. 1131111 111-1111111111111111. 111 11111111111111
1111 111111111111111151111111111111 vag 111111111111111111111 11 1111111111ιό 111111,1“.1111111111
1111111111111111111111 1111 1110111111 1111111 meg. 11111111 18118. 11111111111111111111 1111111,
1111 1111111111 111111 111111111111111 1 11111 111111111111111 11111111111111111111111.
11111 111111111111 11111 1111111111111111 11111111111111 111 1111111, 1111 1111111 111111 11111,
1111111111 111111. A 111 111111 11111111 11111 11111111111111111 11111 1111111111 11111011 horona,
1111111111 11111 11111 1111111111 11181111 111111 1111111111 1111111111 11111111 1111111111ιί
11111111 111111 11111111111111111 1111111111 1111 1111111111111111 11111. 111111 1119111111
11111111111111111111111111 11111111 1113111. A 11111 11111111 11111 11111111 111111111111111111 es,
1111111113111111 maga 11111 11. 1111111111 az 1111111111 11111111111111111111111111 111111.
1111111111 11111111 1111111111 111111 1111111, 1111111111111111 11 egyeb 111111111111111111111111
1111 11111111 1111111111111 1111111. 11111 1111111 11111111111111111111111111111111111111-
11111111111111 111111111111111 11111111 11111111111111, 1 1111111111111 1111111 11111111 1 111·
11111111111111 1111111111 14 11111 111 1111111111. A 11111 1111111 111111 1111111 1111111111111111
11111111111111111111, 11111111 1111111111Ι 1111111 111111111111111111 1111111111111111 1111111111.
1111111111111111111111111 1111111111 11111111111111111111111 11111111111111111 11111111·
11111111111111111111111111111 11 11111111111111111111111 11111111111111111111 11111111 1111-
11111 11111 11111111 111111111111111 1 1111111 napi 1111111111111 1111111111 111111 1111111111.

1111111111111 11111111 1111111111, 111111111111111111111111111111111 111111111111111111
1111. 11111111 1111111111 1111 1111111111.111111111111111111 11111111111111111111 11111111111111111111··
1111 11 1111111111 1111111111111111111111111111 111111,1111111111111111111111111111111111-
1111 1111111111 111111111111111 1111111111 1111111111 1 11 11111111111111 1111111 11111 1111111111-
111111111111111111111, 11111111 1 1111111111 1111111111 1111111111 11111111111111111. 1111111
111111111111111111 1111111 s 111111111111111111111111.1111111111 1111111 111111111111111111111
111. (11111111111111111. 1111111111111111, 131111111111111111 1111111111111 1111111111111 1111111 11
1111111 1 1 111111 meg& 1111111 11111111 11111111111111 11111111. 1 11111 11111111111111 1111111111 111,
11111111111111 11111 1111111111 111 11111111111111111111111111111-111111 1111111111, hogy 111 111·
111111111111111111111111111111 11111111111111 is 1111111111 1111111111. (19116 1111. 111.-
96. *affin 111111 111 11111111111111111 az 1111111 11111. 1111611111. 11. 11. ,11. 1111. 1111111111
ί ,1 111111111ὴά5 111111111119111 11110111119111111111111111111. Ε111 111111 111111111111111111 11111
1 111111111111 1111. 1111111111111. 1111111111 11 11111111111111 1111111111 1111111111-8111111·
1111111111111 1111111 11111111 11 1111111111 1011111111111111111 11111 111 1111111 1111111111111111111111
1111111111 11111111, 11111 1111111113 11111111111111 1111111 11111111111111111 1111111111111111
1111 1111111111 31 11 1111111111 11111 1 11111111 1111. 1111111111 1111 11111 11111111 1111111151-
111111111111111111111111111111, 1111111 1111111 1111111111 1-111 111113 1111111111 11111111 1111111111
111111111111111111 111111 1111, 111111 {gy 1111111111 1111111111 1111 111111 1 11111 11111111 11111111 'n-
ΙΛ111111111111. (1906 Jl'ul. 111111. —· 112. 11. 1“ν11111.;11111111,11111119111111111111 19116111. 11
1111111111 111111.

 

