1906: VII. 1. cz. 11111111111111111111111118111111111. 39

1111111111 1111111111 1111111111 11111111111 111111111111, 111111 111111
11111 111111 1111111 1111 1111111111111111111111 1111111 nyujlott minden
11111111111111511111111111111111 1111111111 11111 1111111, 111111111-
11111111 1111111 111111111111111.

11111111111111111. 1111111111111 111111111111 11 nem terjednek:

1111111111111111111111, 1111111 11111111 1111111111 1111111111 1 11-
11111111 1111111111 1111111111111111111111111 111111111111 111111, vagy
11111 1111111111111111 111111, sem 1111 1111111111111111111 11111111-
11111111111111, 1111111 1111 11111111111111111111111 11111 vagy 1111
11111111 111111111 1111111 11111111 1111111111; ¹

1. 1111 11111111111151111, 11111111 11 11111 1111111111 111 1111111111-
11111111 1111111 111111111ἀό 1111131111 11111111 111111111.

1111111111 11111 111111111 11111111 11111111,111111111111111111111
1111111111 1111111111 1111111111 11111111, 11111111 1111111111111111111111111
1111113111 1111111.

111 1111 1111111111 helye 111111

a) 1 11111115 11111111 1111111111111111 111111111111 1111111 1111111111-
11111 1111111111

1) 1111111111111, 111· 111111111111111111111111 1111111111111, 1111111111

1111111. 1111111111 111111111”111111 11111111111111111111111 11111111111111111111 1 11111111 11111111 111-
ἑ11ῃγοζρ111111 1111111 1111111111111111 11111, 1111111111 1111111111111 1111111111 1111111111 1111111
1111 n.

11111 1111111 1111111111, 1111111111, 19116 1111111119-11.

(Α 11111111111111 11111111εά91· 11111111911111 1111111111, 1 A 1111111111κί 1111111111 1 8111111111
11111111111111111111 1111111111 111111111111111111 1111119. 1111111 111111111111111111111111111111111,
111111111111111111 111111111111 11, 11111 1 11111111111111 1ο 11111 11, 11111111111111 1111, 1111111111 1
11111111111111111111111 11111111111111111111111111111 11 11111111 1111111111, 111 1111 11111111
111 ’111111111111111111111111111111111 11111, 8111111111 111111 11111111111111111 111 1111111111
1111111111111111, hogy 1 1111111111111111 XVI. 111111 111111111111 1 1111111111 11111111111111
111111111111 1111111111111111 11 11111111 1111111111 1-1 111111111111111111.111111111111111116111111111
11 Salis 111111111111 1 111111111111111 1111111111 11111111111111111111 1 [1111111111 11111 (11 A. 1111-
111111 1111111 111111 1111111111111111 1111111111. X 111111111111111111 11111 1 111-1111111111111111-

1111 1111111111 1 111111111111111113111 11 111ςὲ1111111 111111111111111111111111111. 1 111111111111 ’

8111111111 1111111111111111111 1111111111 {vs 1111111 1111111 1111111111111 11111 1111111111111111111,
1111 111111 11111111111111 11 111111111111111 1111111111 1111111-11111111 1111111111111111111111111
19111111111111111111111 Ξ. ,1. 1. 11111 11111111 1111111111111111111 1111111 111111 1111111111
11111111111111111111111111111111 111 1111111 moly 1 1111111111 11111111111111 111111 11111111-
11111111111111111111111. 11111 111111111111111 1111111111 11111111, hogy 11 11111111111111111111
11111111111111 1111111111 1111111-1111111 1111111111 1111)· 11111 1111111 1111111111 1111111111 11111
1111111111111111111111111111. 1 1111111111 11111 11 18911. 111 11111.1111111111111111111111111-
11111111111111 111111 1111111111 az 18111. 1111111. 11111111111118. Ι1-1111111 111811111111111.
111111 111111 1111111 1111111111Ι 1111111111111111 11 11111111111 1111111111 1111111111 1 1111111111
1111111111 111111111111111111. A 1111111111 1111111111 1111 111111 1111111111111111 1111111311 111111 -
11111111111111 11111111111111 111111111111111 (l. a 1111111 11111111; 11111111 11111111111111111111111111
15)st 1111111 1111 1 1111111111 1111111111111 1111111111 11111 11.1111111111111111).(1906111.2-111,-
1 ,11 from. ,

11111111111111111111 1111111911 11111111191111111111111111.) 8111111111 11111 1111111111111 1111111111
11 18111ε1111. 1111111111 11111 111111 1111111111. 11111111 111111 111113 (1111111111 31111 1111.
Ε 1111111111 1111111111111111111111111111111,1901111111. 111-111 111111111111. A 111111 11111111 1111111
11111111 ki. hogy 1 1111111111 111111111111111111 1111111111 1111111111111 1111111111111111, 19116
111. 1-11 1111 1111 1111111111111111111111, 11111111 11111111 111111 1111111111 111111111111. 11111111-
1111111111111111111111111111111111 11111111 111 11111111 1111111111111111111, 111 111111111111111111111 111-
1111111 1111111111 1111111111 111111111 1 111111111111111111111111. 11111111111111 1111111111111111311111-
111, 1 1111111111 11111111111, 1 111111 1111111111, 1 1111111111111 11111 11111111 11 1 11111111 111131-
1111 111111111111 1111111 1111111111111 1111111111. A 1111111111 1111111111 111111111111 1111111111ῑί
1111111111 11 1111113111. X laleanyok‚ 111111- 11 1111111111 1111111111 1111111 1111111111111 111111
1111. 1111η111111111111111 11111111 1111111111111111 111111 1 1111111111111 111111 1111111111) 1111111-
dest 1111111111. 1111111111 1 11111111111111111 1 1111111111ρί 11111111111111111111111111.11111111
1111111111 1111111. (1906 iul. 4.; a 1111111111. 1111111111)

 

