1906 ; 111131. Κ3133133311131333113333 8333313331. 87

1313131. 83131131133133 3333 5313133313133 318313331311111113 333313 111331
11331131 1313131311 13133 3333133 3313 3313313333 3113131313 11113311131311;
311313 1311313131 133 13313133 1333. 113333311131313 3133331133131 3333
3313311311133 1331131 333111331313313133111313133 3331311 11313333 31131 11-
311113111313331133333331 1113331131 331, 11333 5331331133 131133113333133331
3331331333 333331 1331333, 3333 113313,1333133333131331333331313-
1131 113.

1113333331 13113333 1333113 13313 33 3331131131331333331 33111333 ·
13313 33311331 1331333331 1333331 33331113333333111311111333311333313111-
3111333331.

9 1113313131, 1331333113311, 3313113133, 33133313311311331331311333-
1131333313133131131 333333333ιί1 31313 33 3113113 33333 3131131133131313-
13313 13113131333311331.

10. 1333 13113131 31311, 13333 13111313 33 3113133331, 3 1113331313313333
,333-1333313 133133131333-3313333 313313 1311313333 313113 31331,
mint 3113111113 33133 meg van engedve. 1131133, 11333 1331313 11313333
3113131133331, minden egyes 33311333 33 311331 3331131133. 111. 33131333131
111133 3311333133 3311133333. =

11. Α 3331331133111. 33113133 3331131 1331131333313133131,3331311. osz-
131331333131333131 1333311333331331 333 1311313333, 333313331333311333
3113333311333 3 jelen 3331111333 13113313 31311 nem 1331311313313131.

11. 113 9889. 331 31131331 19-111 333331333333311313113131131313131-
1133 33333133313313 3331331111 3333131331 31131 33111313 1313131333 313333-
1333 3113 333-3333311331 3331313311333 13313113333113131331 133331 1333111131
1333311, 3333 1331311311 1331 33333333333131131311131 133331333331131333311
1131111313111133133533131 3113311311 3333 3131 3333113331.

1113319116 313133133 113 9-33.

Η) 63111111333113. 1.
Η.1 1131131113111331.
Η.) 1111131131
Η.) 11333 k.
1).Η1 11111131.

(P,
1Ρ.
11.

111

13113133331113333.

1113331113133331313333 33 3 8331331· 8311331333 1331 a 3331 113333
131311 1313313331131 3331331133331 31311333 31131133331 3333333333 1311
13113 33 3131311 1333113311 13313333333113 33133 313133133333313333113
33131131 3333133331 3 3331331133331 1133333113 133131 13333311

Α31.1· 1111111.

1133113113311311311 11113131 31 3331111 131 131313131131 3 1333113113 3313 31-
133131133331 13133333333 13133333 1333111331 31313331
11183111631133133313331311 3311133113 133131331131133 33 333331333331113

1113311313331 33 33131131 13131131311131111111 1331 3131131133, 3331331

 

