1906 .· 11111. 1. cz. A kalkereskedelmi 11 [11111111 1111111111 1111111111. 173»

[1. 1.]11111111111 1111111111εεί 1111111111 1111111111 1111111111-
1111111 nem birnak.

11. Ezen 11111111111111111111111 11111111111111, a 111111111111111
As a 111111- 11 1111111111γί minister 11111111 meg.

111. 1111111111(

1 kiilkereskedelml 11101111111111011011111111111 111111111111111

(8111111111 11111 1906. Avi 1111111111 mn. 111111111111111 11 1011111111111111111 1901111
1111111111 31-11 1111111 1. 1111111111.)

1. 1. Az 1906 : 111. 1.-111111 1. §Aban 1 1111111111 11111 1111 111-
1111111111 11111111, hogy 1 1111111111111 1111 1111111111ιί viszonyok
ideiglenes 111111111111 1111111111 a 111111111111111111111111 1111111111-
11111111111111, 1111111111 1111111111111111 1111111111111 1111111111-
111111) 1916. 111111111111131-11 1111111 11111111111111111111 1111 1111111
1111111111-1901. Avi 1111111111 111 31-111 11111111111111111112)

2111111111111111. Avi 111111 111 1111 1111111 111 1111111 11
1111111111111111 111111111111111111111 meg. “

111 Α 1111111. min. 11111 111111. Avi 111. 1.-111111 1. §Aban 11111111111111111111111111111-
11111 111111111111 1 1111111111 11111 1111111111111 1 11111111111111111 11 1111111 11111111,

11111111111111111111 11111111111111. 111111 111111ἆ111111111111111111 1111 meg. 111 az

11111111111111111111111 As 111111111111111 1111111111 1 161111111131-1111111111111111111111
11111111ῑὸ1 111111. 1111111111 111111 11111111 11111111111111 1111111111 1111 1111111111 11111111-
111 11111111 1111111111 111111111ιό1 nem 111111. 11 111 1 11111111111 1111111111 11111111 1111111·
11111111111111 11111111 11111 11111111111111 1111111111111111111111111111 1111111111111111111111
11111111 1111111111111111111111 1111111111 111111 11111111111111 1111111111111111111111611
1111111. 11111 1111111111111 1 11111111 11111111111111111111111, 1111111111111 111111111111
1111111111 111111111111111111 1111111111. 1111 11111111 11 111111 1111111111111 11111111111111.11111

11111111 1 1111111111 1ΙΙ; 11. 1. §ban 1 1111111111 11111111 11 111111. 111 111. 1111111111 11111-
1111111111111. 1111111111. 1111111 11111 11111111 111111111111111111111 1111111111 1 11111111) 11111-
1111111 1111111 11111111111111. 1 111111111111111 9„ 5-1111111111111111111111111 11 11111111 11111
1111111111111111111111111111111111 1111111111. (11111111111111111 11111111111111, 1111111111-
loges 1 1111111111 aa 19111. Avi 1111111111 11 3111 111 1111111 1111111111 111111111111111111111
111111111111111111111111 11111113 111111111111111111 1111111111. 19111. 111111111111111111
1ὲὲἑ1111 1121111131 1111 [11111111 1 1111111111 111111 111111111111111. (19111. nov. 26; 19116111.

¹tram. .⁸z.

(A 11111111111111 1111111. bizum. 1111111111.) A 111111111111111 111111 1 1111111 ak 11
1911111111. 1-11111 1111 111111111111111111111111111111. 1111 111111 1111111113 -11111-
1111 11111111 11 11. 11111111 1111111111-11111111 1111111 111111111111111 1111111111111111111111111, 1
111111111111111 1111111111 111111111111 1111111111 1111111111 1111111111111111 1111111111111111
1111111 1111. 111111 111111, 111 1111111111 111 3111111 1111111 1111111111 11111111 1111111111. 1111 11111-
1111111 1111111 111113. 11111111. 111111 111111111111111111111111 1111111111111111111111111
11111111 11111 111111 1111111 111111 nem 111111, 111111 111111 11111 1111111111 11111111 1111111111-
111111111 1111111 1111111111 1111111 sem 1111111 11 {gy 1 1111 11 1111111111 is 1111111111 1111111111
1111111111. 111111 1 1111111111 11111111111111 1111111111111111 1111111111111111111111111
11111111111111111111111 1 11111111111111 1111111111 A 1111111111 111111111111111111111,11111
1111111111111, 111111 11111111111111 11111111111111 az 111111ε11111. 1.-11.11111111’1111111111111
1111111111. 11111 11111111111111 1111111111 1111111111, 1 1111111111111111 11111111111111 11
1111111111111111111111111111111111111111111 1111111111111111111 ’111111111111111 (1 .decz.
17111 - 318. ³2.) A 1111111111 bimus. is 1111311111 11111111111111111111.

121 A «1111111111 11111111 19111111. 1. 111111111111111. 111111 dect. 3111 1111111111111111111
1111111111 11.11; Ar. 11101111 xxi. 11111111111111111 1·111111111111111;1111111111 1 111111111111, Mon·
1111111111111111111111 1111111111111111 111111111111111111111111 11111111 1111 1111111111 1111
1111111 1111 11111111111111 11111111 1111111111111111111111111 11111111111111111111111-111
111111 11111111 111111111όεί11, 11 1111111111 19117. Avi 1111111111 1131-111111111111111111111.

 

