1906:X1v. 111. Α 11111111-111111111. 11111111όὶ. 151

1131111111111111111111111111116111 1880. Avi XXXI. 1111111111 1. 11
1111111111 11 11111111111111111111111111 tenni.

3. fi. 11111 11111111 11 1011111111 1111111111-1111 1111 1111111111
111111 111 &lethe s vAgrehaJ'lAsAval a kereskedelemfigyi 11 111111γί
1111111111 1111111111 meg. '

XIV. TORVENYfflffl

1111111111-111111111 h. (1.1·111111911111111111 1111111111)

(8111111111 11111 191111. 111 1111111111 Ab 17-11. 1111111111111111119116. 111 1011111111 1111111111»
19116. evi 1111111111 111 5-11 1111111115. 1111111111.)

1. fl. A ministerium 11131111111111 1111111111 2111111· 111111111161
1111111113 1 hegyes—-seketehegy—palfinkai 11. 1. 1111111111 111111111 111

111 (Α Hirr. javaslata'nak 1111.1’11111111111.) 11111, 1111111111111111111111111111111111111-
111 1 BAcs-Bodrog 1111111111 111111111111 11111111 (1111111 1111111111 1111111116 111111111111111111
11111111111311111111111111111 11111111 11111 1111111111 solym. 1111111111 11111111111111
191111. 11 11111111 1 111111111111111 111111111111111111. 111111111111111 11 131111 11111111111111 111-
1111111111111111111111111111111111 1111111111, 1111111 111 11 1 11111 1111111111 1111111111
1111111111 1 1111111111, 111111 11111 1111111 1111111111, 111111111111111 1111111111 1111111111 11111111
11111111 11111111111111111 11 111111111111111111 1111111111 1111111, A 111111 1111111 1111111111 i-
1111111111111111111111111111111111111111, minthon 11111111 11111 1111111111111111 11 181111. Avi
ml. 1.-11. 1. 1-1 11111111 1111111111111 1111111111111111 11 11111111 1111111131111111111111111111
11111111111111 1111111111 1111111111 1111111 1111111111ἱῆ meg 11111111111111. 1111111111 11111111
19115-11111 111111111111111 11111111111111111 111111111111111 1111, hogy 1111111111 1111111111 1111
1111111111111111111111 1111111ιό 111111111111111 11111111111111111111111 1 11111111111111111111 11,
1111011111 11111111 11111 1111111111111 111111111111111111. 111111111111111111 jugo 1111111111
1111111111 11111111111111111111. 111111 1111111 1111111111111111111 1111111111 1111111111111
111111 α 1111 1111111 111 1111111111 111111. 1111111Ιὸ 1111111111 11111111111111111111111 11111
1111111111. 111111 1111111 111111 111111 11111111111111111111 1111111ιό 111111111111111111111111111-
telate! ben Ajtom, 11111111 az 1111 11111111111111111111111111 1111111111111111111 11111 1111111
1111111111111111111111111111 1111111111 1111511111) 11111111111111 111111111111 1151111 111111
1111111111.

A·l. 11111111111111111 1111111 1111111111 1111111111 1111111111 11911 11111111 1111111 1111γί 111111

111111 m. 111. 1111111111 11111111111111111 11111111110111111111, 1111111, 1111111111. 01111111

1101111111111111111111111111111111111-111111111111-11111111 11111 1111111 11111 11111 111111-
1111, 11111 1 1 111. 1111111111111111111111-1111111 1111111111 1111111111111111151111111111111
111111111111111,’111111111111111111 11111311 1111111111 a BAes·Bodrog vArmegyet 111111 11111111
1111111 0111111 1111111111 11111. A 1111111111 1111111111 1111111111 11111 11111111111111111111111111
11111111161111111111111 11111111 11111111 1111111111 111 1111111111, a moturos 111111 vagy 11
1111111 1111111111 1111111 [11111111 1111111111111111111111111111311 1111111111111111. A 1111151111)
1111111111. 1111111 1111 11111 11111111111111 &Aoo-ben Allapsstatou mtg, 11111111111111, 1111111111
11111111 1111111111111111 1111111Ιό1 1111111111 sog. A kanynrulatok legkisebb sagara 1 11111
111111 31111 11111111 1111111111 111. A 111)’1111111111111111111111111311111. 111 A 1111111111 11131
11111111 1111111111 1111111 111 111111 111111 1111111111 1111111111111. 111111111111111111511110131.
1111111111111111111111111111111111111111111111 11111111111111111111. A 1. 111. 1111111111
1111111111111111 1111111111, 1111111111 1 1111111-1111111113111111111 111111 1111111 11111 11111
1111111111 1 31111111131111111111 hely} 1111111 11111111 011111111111111111111111 1111ἶ11111111
11111111111111111 1111111 1111111111 1111111111111 As 11111111111111111111111 a [111111 1 1111111111
111 1111111111 111111111111; 1. 1111111111111 111111111111 111 111111 11111111. ⁶2. (Isunoplyn 1111111
1111111111 1· 111 1111111111, 3. 1111111 11111111 3131 11111 1111111111, 1, 1111111111111111 1111111
220 11111111111111,11. (11111111 1111111111 3111 11111 1111111111, 11. 1111111111 1111111311Ι 11111
1111111111, ’1. 1111111111. 1111111111 ’10 11111 1111111111. 11, 111111111111111 1111111111 3111111111·
1111111111, 11. Turia 1111111 1111111 1111 11111 1111111111, 111. 1111111111τί 1111111111 11131111111111-11
1111111 1111111 3111 11111 1111111111.

11111111-11111111 111111 11111111 111111111111111111111 11 11111111111111111 16111111111111011111111·
hun, vagyis 1111111111111111111111911111 1111111111 1111111111111111. Ezen 11111161 1111111111111111
1111111111 31111011 111111. rondes 111111111111111111111 pediu 1111111111, 11111 111111 1111111

 

