30 1906 : 1111.1.11.11111111111111111111111111 8111111111

nom 1111111111 111111119116.111111.1.·11. A. 5. 1. pontja 11111111 111111-
111111111, 1 1 1113111 111111 1111111111 11111111 1111111111 1111111111 1111

11111 1111111 1111 138 1111 111111 111111 111, 1 11111111 1 111 11111111 11111·
’116111 11 1 1111 11 remed b y
1111111 1111111 1311111-311101) 1111111111 1111111. A 1111111 nyersanyagok 11111 11111111 1 11111·
1111111111111111111111 1 1111111111 11111 1111111. Nagy 1111111111 11111111 1 51111111111111111111
11111111111111161111 111νέ1111 is. Az 11111111111111111111 1111131111 111111111111111111,
1111111111 1111 1 1111111111 11 111111 11111111 1 111111111111111111111111-11111111111111113111-
11111111111111111111111111111111 11 111111111111 111111111111 111 1111111111, {gy 1111111111 11
1111, 11111- 11 111111111111111111 1111111111 1111111-1111111111 1111111 1111111, 1 11’- 11 1111111111
1 111111 egy 11111111111111111111111,111111111111111111111111111111 11 1111 ja 11111-111111
1 111111111111111181111111111111111 a gyArthuyok 11111111111 1111111111(7’111,1 1111111111
1111111111111111111111111111111111111111011111111111 211
111111. 1 11111111111 1111111111 1111111111111111 1 1111111111111111111111111. 1111111111 111111
ρ111111111111111, 1111 1111111111·111]“111 3111111111 1111111111 11 11111 11 1111111 11111111 1111111111 ’
111111111111; 11 egyes nyers 111111111111111111111 11111111 1111111 1111111111 1111111 1111 11111111-
111111111111111113111111111111111111111111111111111111111111111ζῖ1ῗὲ
1111111111111111111111111111111 1111111111111 111111 1111111111 a 1111111111111111111 1111111111
11111111 111111111111111111. 11 1111111 1111111 111111111111 1111 1 11111111 1111111111111111-
111 1113 1111111111 1111111111 1111111111]Ι 11 111111111 11111111. A 111111111111111 5111111111 11116
11111111111111, 1 11111111111111, 11111111 111111 1111111111ἰ1111 11111111111111 1111111111111Ι ¹1²8,-
1311111 111111111111111111111111111111111’11111ζῖ1ῗῇἷὲῗ1111ἱεἸ ‘A' 1111111111ῗέἱέῗέ
1111111111111111 11 111111111ιὸ 1ο1ο111. 1111111111111111 811111111 1111 1111111111111 1118111-
111111111 1111 1111111 11111111. Agat, 11111111111111111ι 111311111111111111111 11111111111111111
111111111111111111111111111111111 1111111 1111111111, 11 1111111111 1111111111 1111111111, 111-
1111111111111111111 1111111111. Ι111111111 111111 111. A 1131111111111111111111111111171111 1 1111-
1111111 81111111 11111111 1111111111 1111-11111111111111, 1111111111111111111 111011111111011-11
8ῗ11110111116111111111111111111111111111111 8111111111111 11111111. moly 111 11111111311111111 1111111
111111181111191ῗὲ,11111111111111111 111111011111111111111119111111
1111101111111111,1111111111111111111111111 11111111 111111111111111 1111111111111111 81111111
111111111111 1111118111-111 11 1111111111 110 111111 11111 11111111 1 11111111 1111111111 meg 1 11-
11111111 1111 1111111 1111111 is. 111111 11111 11111111 0111111113 11111111 111111111111111111111111 111111
’11111γ - 111 ““ἑ’11““111ἒ«ῗ“11 *AEAw'e-‘Zfflssmssi 11111111111111111111
111111111111111111111511 111111 111111111111111111111111111111).ἰ , ,Ι · ,Ἥ

1 1111111111, moly 111111 11111111111111111 111111 1111111111 1111111111111111, 11 111111 1111111111
11111111 111111111111111111111111. 111111111111 1111111111111111111111 111. 1 11111- 11 vajkivite! 1111111111·-
11111 1111111ς 1111111. 1111111- 11 11111111111111111111111 1111, 11111111111111111111. 1111111111
11111111111111111111311,11111111111111. 1111111, 1111111111, 11111111-11111111111,1111111,1111111111
11 11111111, 1111111 11111111.

A) Tarifa.
(11111111 1 81111111 1111 1111111111.)

A 1111111111 11111111111111 az 111111.) (11111111 111-111 Aj 1111111 11111111 1111111111 11111111 11111111
1111119161111111111111111111111111111111111 111111111111111 118111 11111111 1111111 1111111 11111-
nom 111111111111111111111111 1111111111 1111111111 s 111111111111111- 1111111111111111 1111111111
1111111 1111111111 1111111111, 1111111 81111111 1111111111 111111111111111 111111111111111] 111111-
ἷ111ἓ1ἱ1111Ι 111111 egyes 1111111 111111 1111111111111 11111111 11111111 11111111111111111111111111-
111 11

A megkAAAsektAI 1111111111. 111111111111111111111111111111111 9111111 As 1111111111· 11111111111111
811111111111111111111111 1 111111 111111 11111 1 111111111 (a 11111111111111111111111111111111111111-
1111111111(01111111111111111111111 1111111111111111111111111111. Ez 1111111111, 1 11111111111111111
1111111111, 11 1'1' 111111111111111111111111111 status quo. (111111111111 111111111111111 11111111111111
811111111111111111111111111111111111111111 1111111 11111111. 111111111111111 1111111111 11111111
28 111111111111111111 111111 meg, 111111 1 1111111111111 1111111 111111 1111111 11111111 1111111111·
1111111111 1 11111111111111111111.

A 1111111 1111111 81111111 1111 11111111 11 181111. 11111 1111111 1111111111 11111111. 11118911. 11·
11111 81111111 11111111111111111 1111111111 1111 111111111111 11111. A 1111111111111 orszAgai 11111111-
ben 111111111111111111111111 1111111111111 1111111 111111111111 1 11111111111111111111111111 1111-
11111111 1111111 1111111111 111 11111111 11111111111111111111111111 11111111111111111111111111111
11111111118111111111 1111111. ,pen 11 1111111111 1111111 1111111111ιί 1111111111111111111111111
11 1111111111111111 111111111- 1111111 ’1 1111111111 111111. 111111111111111111 1111111111111 1111111

 

