1900· .· XIX. 1. cz. A 11111111111911111111111 1111111111 h. 1. 1111111111. 161

1111111111111 11111111111111111111 1111111111 1111111111 111111111111111111-
1111111111111111111111111, 11111111111111111.

2 5. 11111 1111111 11 1011111111 11111111111111111 111111111111111
1111111 1111 1111111 11 11111111111111 a kereskedelemfigyi 11 1111111111
1111111111 1111111111 meg.

11 1. §- 111111111111 111111111111111111111111111111111111 a kiivetkezfi:

Α Β111-Βοᾱ1111 111111111111. 1.11111111111111111111111111111111111

Α 3111111111 1111111111 11. 1. 1111111 111111111111111111111111111-
11111111-111111 h. 1. 1111111111111111111111 1 1111111111 1111111111111111-
1111111 1111111111111 1111111111 1111111111111 1111111111111111 8111111111
11111111111111111111 h. 1. 11111111 1111111111111111 1111111111 11111111
11111111111111111111111111111111 1815. 1111111111. 1111111111111 1111111-
1111111111 11111111111111 1111111111111; 11111 1111111111 1111111111111111,
11111 1 1111111111 1111111 111111111111111111111111 1111111111 11111111 1111111
1111111111 11111111 a 1111111111-11111-11111111 11111111-11111111,111111111
az 1111111-111111111-111111 11. 1. 11111111 1111111111 1111111111, 1111111111

>-——.

11111111 11 111111-11111111-11111111 11111111111111 1111111111 111111 11111111 11111111, 1111 az 119811
111111111111111111 1111111111111111111 11111111 111111 1111111111 11111111 111111 111118.11111’1111111111
15-111 1111511. 1111111111111111 1111111111111111111111111 11111 1111111-1111111-111111 111111 1111111
1111111111111111111111111111111111111111111111111111 15. 111 1111111111 1111111111111111111-
1111111111 111111-111111111111111111 1111111111 111111 11111111 11111111 1111111111111111 1111 11111111
111111111111111111111111.11111111111111111111111111 1111111111 1111111 1111111111 1111111111 1111·
1111111111111111 111111111111. 1111, 1 11 111111111 111111111111111111111 111111111111111111111111111111 11
11111111111111111111111111111111111111 1 11111111 111111 1111111111 111111 11 1 11111111111111111, 1111111
11111111 1111111Ιί 1111111111 111111 1111111111111111111 1111 1111111111 11111 11, 11111 1111111 1111111 11111
111111111111111111111111111111 1111111 11111, 1 1111111111111 11111111111 11111111111111111111111111111111111
1111111111 11111111111111 111111 1111111111111111 1111111111111 1111111111 11 111111111111, 1111111-
11111111 1111111111111111 11111111, 1111111111 1 1111111111 11111111 11111111111111 1 111111 1111111111
1111111111111111,1111111111111111111111111 1111111111 11111111111 1111. 1111111111 edi 1111111111
111111 11111111 111111 1111111111111111111111111 1111111111 1111111. 1111 1111111111 1111111111111111,1111-
111111111111111111111111. 11111111111111 1111111111111 111111111111 11 1111111 1111111111 111
. 111111111111111111111111111111111111 111111111111111 11 111111 11111111111111 11111111 11111111 1111111111
116111111111 11111 1111111111111111 1111111111. 111111111111111 11111, 1111111111111111111111, ho 11.
1111111111 1111111111 111111111111 111111 aa 1111111111 a 111 1111111111 11111111111111 111111111111111111
1111111111 11111111111111 1111111111 111111111111111111111111. Erre 111Ιὸ 11111111111, 11111 1 111111111νὸ
111111111111111111111111111111111111 11111111111111111 1111111111, 1111111111 a 1111111111 11111111
ἰ1111111111111111111111111111111111111111111111 1111111111111 111111 1111111111111111111111111111111111

11 1111111111111.

11 1 >figet 11111111111111 111111111111111111111111 111111111111111111111111 1111111111-11111111-
111111 11111 11111111 1111111111 1111111111 1111111 1111111111111111 111111 11111 1111111111. Α 11111111
ἱ11111111111111ῗῖ111111ξέ11 1“ 11118111ωὲ116]111111111111ἒέ111
1111111111 11111111 11111 1111111111111, 11111 1111111011111 11111111ι·1111111-Γὸ111111 11111111-1111111
1111111111 1 1111111111 111111 111111111111111111 111111111111111111111 1111111111 111111111111111111 111111
11111111111111111111 1111111111 11111111 1111111111111111 az 1111 1111111111111 11111111 a 111111111-
&berse 1111111-1111111111111111111 1111111111 11111 1111111111 1111111111 1111111 11111111111111 11111111.
11111111111111 11111111111111111111111111111 111111111111111111 1111111 1111111111 111111 1111111 1111111111
1111111111 11111111111111 11111111 &s 11111111111111 1111111111 1111111111 11111111 1111111111 1111111
111511110011111111111111111111111111111. Ugyanily shmltbs 11111111 1111111111111 meg 11111 11111-
1111111111111 11, 11111 111111111111 111111 11111111 11111111 wahan forgb 1111111111 1111111111 1111111111
111111111111111111111111 1111.11111111,1111111111111 1111111111 11111111 111.11111111111111111111,11
11111111111111111111111 11. e's 22. ,1-11111 1 11111-11111111,1 1111111111 1 ’111111 111. 1111111-1.
1111111111111111 11111111 11111111111111111, 11 1111111 1111111111111111111111111111111111111111 111-
1111111. 11111111 a 1111111111 1111111111111111111111111 1111111111 1 11111111111111 11111111 11 11. 1111111111-
11111111111111111111111111,11111111 1111111111, 11111111 11111111111111 (es 1 1111111111 1111111111111111
1111111111 11111 1111111111. - 1 11111111 11111111 11111111111111 meg. 11 1111111111111111111111 111111
11111111111111111111 11111111 19117. evi 1111111 hi) 1-111111 111, 11111111111111111111111111111111-
1111111983. 1111111111 111 11111, 1118811. 11111111. 1.-11. 11 1-111111) 111111111111111 (11111111

111111111111111111. 1908. · ll

 

