158 1906: XVII. t. 111111111111111-11111111-1111131111 h. e'. 1111111111.

11111111111111. 111. 1111111111111 11113111 111111111311111111111-
111111111111111111 60161 1111111311 111111 111311111311111111131
11111113111111111 1111111 1131131111, 11111111 1 1111111 1111111 111111111-
1111 1113111113 1 1111111111 11111113 1111111111 11111311111111 1111111
1111111111 1880. 1111111111. 1111 1881. 111 1111111113111111111 1131111
1111111111 11111111111 113111131111111.

1111 11111111111111331 minister az 11111 1111111111 111111111111111
1131111311111111 111311111111111 11 18811111111111111111311111 1. 111-
11111 1111111111 111111133311111111 1111111111 11111.

3. fi. 11111 1111113 11 1011111311 11111131111-1111 1111 11111111111
111111 111 1111111 1 1131111111111111 1 111111111111111331 11 1111111331
1111111111 1111111111 1113.

1111111111 11111113113111 1 1111111111111111111111 111113111111111 11111111131811111111111111111.
Ι313311 1131111313111131331 93811111 1111111131 11131313ῑὶ1111 1113ἰὶ 13311 1133311110 w 111111111ἓὲ11
1131111111Ὓ 11111111111131 'RKzzpbgonKeleysett 18Γ111131 εἰ11111111Β 11111811111111111 111113111111011Ι Ι1111111111
1111111131 1111111311111 11 1113111111111, 1111111111111 113111111111111111, 1113311111 111111111111
1111111111111 1111111 1111111 1131111111 11 1 1111111111 1111111111 1111 1111111111111111 finam-ziam
111111111311 11111111 11111111. 1111311311 1111111 6111111111111 111311111111111111111 11113113
11311111111111 111111111111 1111111111 1111 1111111. 11133 az 1111311311111111311 1111111 1111-
11111111 11111111 1111111111 11111111111111111113 1111111111 1111111111111111111311, 11111111 a 111111
1111111111 11111111 1111111111 1111131111 1111 1111111111111111111 1111113111 a 11111111111111111311
11111111·111111 11
1111501111 1111111111 11311111 11 1111111111 1111111111111311111111311 1111111111 111311 1111111111.
111 1351111111 K 11111111111131111 11111111111111111111 1111111111 1 1111111111111 11111111 111111-
111111ε 8111111111133111111111 1111111111 K. 11113111 11111331 1111111111111111111. 8111111111
11111111 1111111011 K, 1111111111 111113 11111111 1111111011 K, (11113111 111111111111160110011, (11111-
101111113111111111 15111111 Κ, 11111111 51511110 K.

111 188811111111111311111 1. 111. 1-11 11131111 1111111111 111111111 111111111111311 1111111111 a
11111111 1111111 11111111111111 111111111111111111ῑ 11111111111111111 11111131111111111111111 omht'
1113111111, 1111111 131111111111111 111 11311 1113111111 11111111 1111111111 1331111 11111 1111111151
1111 11 1111111111 1121111 K 1111111111 11111111 1111111111111; b) 1 1111 11111111 11111111 11311
111111 11111111 111113111111 1111111111 1133111111 1111111111 111 nmo 1111111138811111111111·

1111111111 oly 1111111111, 1133111 1111111 1111111111111111113 133 1111131111 may 1113111111 11331111

1111111111111 is 111311111111 13311. 111111 11111111111111111111111 1113111311 111111111111111111111Μ
111111 s 1113111888. 111 w. 111111311111111 111 11111111 111-11111-11 11111111111111131111111111111-
111. Aa< 1111111 1111111111 1131111 1111131111 1111 1111111111111 1111111111 11311 111111111111111131-
111311111111111111111111111111111. A helyi 111111 11111111111111 1111111 1111111111 11111 1113111-
11111111 11131111 1111 11111111 1111111111 111111111 11. 111. allam-mutan 11111111. 1331111111 ιι
1131111111 1111111111 11131331 111 1 111131 1111111 1111111111 11111111 11111111111111131111111111-
111, 1111111111111111 11 133111 11111111111111.

’11111 Emi! 11111111 1 1111111111111111113111111111 1111111 11111111111111111111 11111111 113113111
1111111111111111-1113111 ,1111311111 11131111111113111 11111111111111111111111 11111311111111111111111-
31111 11 1111 111131111ιό 111111111111111111111 ’.11111111 11113111131111 1111111111 111111111, 1111111
a 1.11111-111111111·-11113.’111 1111111111 11111 1111 111111 1111111111 K 1131111311111 1111111111111
111111111111111311 111311111111. (19116. jun. 28-1512. - 121. 11. from, V. 1. a 11111. 111111
1111111113111111· 19116. 1111. 1111,11111119311111111. jul. 19-1111111111111111111111 m 11, from.)

11113111131111111111 191111 111311. 1. 1131112. >n K. 11. rond. 1111111111111 Τ. 11311).

 

