1906 ,· XIX. 1. cz. A [3633833333 363113333313333331111. 3. 3333131331. 111

13133 3333333333131131, 33 13331331 3333133331 113133133 1336 63- 33
1313133336 1133311131, 1331333, 1336333316- 33 3111313313 13136633333333331-
131, minden 131333331333331131, 1336 33 1333113331131 3333133633ς 31133-
ben 33 3333331333 3333133313333333 3333133316331 3331331131 33 3113131
131313131133131313111633331131 131631333111161 3113113111 331331 13313131313331
33 3 13331336 33313136 1633131333131, 331313131 3333 3311133333131, 3
333133131333333333333 3333 3163111133333 3 13331333 31131 3333 1313333311
11333333333311131313333131131 131, 1333 33313 33333133331 333113113313-
33131 13313331 nem 133131.

21. 3. Α 13133 33333313311331 11313133 313 1331336 3333311311333313133
313311 11. 1. 3136 6313333331161 1113130133 61313311131111

a) 33 1880. 331 XXXI. 163333333111 5. 13 333313111131333- 331113131-
1333133333 33 3333331333 13333333 31131 33 333131 1113333331 3311313131 11-
333331333 3331131161 113333313336 33333333 3313313131 33 31333311 133331,
3313311331 3 ἑ13311 9. 1. 3331313633 133316131133 33333333 3313113331331
33333633 313;

0) 33 1880. 331 XXXI. 133333333111 5. §enni c) 333113 33331311 333
3333133333 1933.331313133 110 1-313; 33

3) 3 3331111331 3333333133333 (1880. 331 XXXI. 1633333331116.1.)33
31901. 311 1333331131 1-161 1333636133 1907. 331 31161333 113 1-131331336
16133133333.

22. 1. 3133331333133311331 1333333 11133131 minister, 33 3113311 3333131
3133633331311313131131, 133331133 333 1333333133 113131 1333131316 13133333-
1333 33 13131311331611331133 1331333 13161 minden 33331133 333333363331
33333331 33 1333333331, 11333 3 3131311336 11133331 31613113333331.

1131636333 1331331331 3 333333113111113131· 1333333 3333 133, 11333 -a
133331331 36331333331133 1331331- 3333331333 13333333313 133331131 333-
16361331 136313311 1333131316 3333331133333161313333333.

3133331333133111331 3133333 1133131 131313133331 1333 133 1333111133
33333361 1111113611 16333 31131 331133311311 33 3131331333331331 3133313333Ιηὶ
es 31133631331.

31333313331331113313133333 1133131 minister 31131 1111113611 1113133331
13331133 311, 33 13333313333 33 33 33331 1311313661 33133113333311111163-
111331133331 1113331133, 3313131313 163336133311133 3333133331; 3313111163
1133 163333313133, 3 163- 3333 3113311 333313133 33133 1131333333, 33

⁴ 33333313311331131 3113313311 13133133333131 3 33333311 minister 13336131 31-

131333333313 13116333331331.

2313. 1 131331333131311331 1333333 1133131 1313131331 1333111311 3133,
11333 3333331333 1333333331313133 33333333 33333313311331 33 33 33331
1133333116 333331 1331336 3113333311133 13333113311311 161313331133331331,
iiiiii? 13113131611111111111111111131131111311111111
1333133161 310000 13333313 131133113ιό 333366313133 3333 31333311331333
3113 333311 assa.

Α 11311311 33 3 133331333133111331 1333333 1133131 minister 31131 11-
163611 33333 113133136 31311 33 3333331333 13333333 31131 113 3313 11331311
33331111313133, 1113133 1113333 3 33331 33331313 61313133613333 33331 1633-Ι
3313131161 33333333 16313333313313133 be 133 13113131.

Ha 33 3333331331133133 3333 333311 163333333 133333313133 33 333331-

 

