· 80000611111110006601 01..,

000 1906:IX. 0. 02. 00 0000. 00 0000000000900000.

19. 86 000601
8000611110006601101
1101011 131061001,.,,
800661.

8011111101 1611061001

100000 100000
11010010101,110016101 00 1001001

,, 196119 11061001,.,. 1371113
116396 10 0001,
¹JJJQ 11111, 0000001100001060100099110001-

18111166

m'stenum:

861000016011611061000116011600,1.,868933 11160100 011110

999001611061101,

06 61m0J

80006111110006601101,

Dologi 11061001,
1160100101...
90061110610 ,

99910101110011016011010 .. ..
80006131110006601101.. .,

1101011 1061001..
1160000101..
93, 9600-10 0111116110001

1101011 011061001..
1160100101,
960111061001
94 9600101011ιο001
8000006111 110006601101
9010111 11061001,
96:036...
900001 11061001
93. 16000006060 1601001101οι
80006111110006601101
11010110 11066001,
1160100101,
900001 11061001
9661Ιο001 0001011001
. 26800006111100006601001
9010 1113810011οο1
1160100101,
900001 11061001
’97 οΖ0110611111 J6sze'anJJmnmm
8000006111 JJraanngm 01..
11010101 1,1061001,
1601001001,
900001 11066001
98, 8610000016οῑ
800006101100066011001
1101011 1301661001
1160100101..
11000001 11060001
991110301οι06 10313001 10011010
Szem 10111000 011101..
1101011110011001.

31).1110101011111001101
6., .. 91119113 90100 131061001, 319991)

800006111110006011101
1101011110601001,

31. 01110001 nJomda:
8000006111 160006601101,

JJJJJogi' 00 1101οῑ1 1100110001

39. 11Ιο001 610610001ῑ

8000001101100111101 ,313 1111111111311010160101101160101

11010,οἰ 10060 01.

331100101000001110000100601 .

8000006111 101000016οἑ16 0,.01
11010111 11061001,
1160000101..

901001 11061001

1101001010111100

1101160101
36 6110001 00016 00101001

1110001101600010161011000000

33.1161601610110011001;

, 97 ,999 80000110ρο’1100663011101,,,
9161100011600110901 616- 60 060-

’ 1399 1110001 1600101 1001000100,

. 117936

383199
1139911 110010101000160..
, 9899.) 399 6.11000110163101011010010010011106
3388' 1,901001
. 36 91191 80000613311,100066011101

. 963193Ι 8000131100066011101
. 911719 9οΙ0

11137 800061111100066011101..,
. 179 ,711 901031111061001,

,1331799
901011 ’,061001 379 999
11000111001100 6001161006 10010110-

.. 7383 0001161ιο61001100 98,999

16373 100001 0010101001101010001, , 171199

000000 000000010010100000001110. 8000
. 601388 900061010600011110010101τ

8000061 0110006601101 ,1111489
991119 90101131061001,., 317999

76, 791 3116000010
’,7870Ι 199
1600601100060111 1600101 001611006οὲ 1393799

.., 396 393 160001601001, 0100101110 160161001’ 00

711839 160001 1601610 61600110οό00.. 761199

1,.166,999
1061001... ,, 338469

’ ⁷¹ 19 3311 J. 110001 10100001060100100010100110;
3119996 80000013111000066011101,

9010’

,. ,, 931933 900 0001100110100001060100101-

63439 1001011001οο ,13999
, 3311 1110610100060100001060100001101111 >

.. 8936 931 006101, 199999

0001 00 100001060160101100601600166
31101 .., ,. 3383.

. 11, 199 3110001 6010000100101011 0061on

996 KeresJedeJmimuzeum.. 113989
16968939 9011000010601000, 1711999
3611000010601000 , , 7911999
9319 683 30000100001060100000010060101 13879

01100 6601001 1110101,9119,999
”J ,999 ,999

0061063058803 .. 363&
199910. 90010, 1101060 60 1101000616.
9,1.331,979

’ ,931 901011 1061001... 93188 799
J 81101100 110. 0010101006110000110 Mino

0000001, 000000
0000 6001000000, ,.’0000000

J 8000006130

68¹ 9,(111 Α100010101000110001100 601001011001100 6300

N u 1161101, 94319

. 1911389 9. 01601οε

’19 ,876 10010060000111000110110
smne! 110006601501, .., 319639

38199 J 1001006000ίὶ 00 0611010101 0600000-
6600 01116061 111006101661 1100101.

000000 000) . . 100‚000

993 ,3971 8001011060·
J 8000006111 110006601101, 33339·
9779 9010111110011001, , 39939

.800006101110000660111ο1., 1339111.

9113991)Ι 1101010 1111061001... ,. 7113911

17398 11.11.11061100000000001;

..79963789
8198699
161101 11000 00 1001001101 60 1100601 11061001 6931191711
mg 1313010 66301310336626110010 11061001 3313331911

1 800061111100066011101,,.., 3833111»

11898 110101016010000111

 

