1906 : IX. t. cz. 1111906. 661 6666616 666116661161166. 109

161661 161661
691611661611111111616 011661 11166161, ,, - 9189
81666161611166611661, 1351180 1911 1611111116 616111611661611 11-
061661 11161161, ,, ,. 59000 111611161111111611166611111111116161
6391616616111111611111611 ,. 26090 6111666116116116666611111111111616
660111166111611116616116 6116161γί 661166611661 61 111111161-
811166161611166611661 ., 169886 61611 69360
96166111161161, 69156 96166111161161, ,, 16900
65. 01111661 166661611111 1116616111 13. 911166616661161116661111116161111
611166161111166611661, 39919 8111116161 611166611661 ,, ,, 19990
061661 1166161.. ,. ,, 39899 Dolo 111161161 9300
6916611666161166611111161111661 1111111. 1611111. 9611661161· ministe-
1116 1111161611116611161111.11111- rium:
111 111111616161111666111111 LK 661116 11111
5111661γί 611166611661 19969 61116 Ι 166116 6111661, ,, 599390
96161111161161 1199390 06166111161161, 136990
11111111 111161 1116111111 [1166661116 9509 Ξ. 6661661666 1616111111
61111 1161161111 mazeum: 1161611611 16 1111 ,, ,, ,, 198679
8116111611166611661, 169779 1161666111 11161, 139901
06166111161161, 399969 116616661111 611661616611161111-
68666661611111 16611616 61 1616611 = 1166166 ,, ,. ,, 9919176
966611611661111661ι 1166166-16161111 ,, ., ,, 109556
8111116161 6111666116111, ,, 59905 1166166611161116111161 ,, 119963
06166111161161, ,, 69699 3,9“66616111·111111111161119161116611 69009
69161166161111116611616 6. 6616616661611661116 169916
81161116161611661, ,, 59765 5111161111611166166111661 1069565
96166111161161, 69209 6.(111 161ῑ
50. 6161616111 61111 61 6116111666 Ι 9661 1119116111 ,, 16399519
8116161γί 66166611661, 19765 [1111161161 5659663
1161661 11161161, mmo 6161161161 511513Ἇ1
51116161161111161111111, 89909 16111166.. ,, ,, 1999815
51.1616616666116161611666611611 169196 96116111 61 1611111161, 9376669
560111666111, ,, 169736 8161661611161116611 356875
56. 11111 1169611611, ,, 6769366 761 6611 6116111611 ,, ,. 1699839
ml. 111111. 1661166666111611161· 9611611161 ,, ,. 1366353,
rium: 191166611661161116611 89666
Lx· 61116 aus: 8. 1166166-1166116166.. 176107
61161 1 1161116666... ,, 079175 91166166-116611161166 369695
Dolo 11161661, 719776 111. 1166166-111611111661161, 3736100

³. 111 ⁶{yicuriae 1111161111661611611 1 161611116611

Sum i 611166611661, ,, 1169339 1616691616 ,, ,. 639781

ι1110111 61131101 ἐ’ τ’ 381376 916611111611616111161,,1,”0-8“6’.775Ῑ16-6
911661116661661611661611 161611666-

88111116161611166616661 61 66166111-
161161, 599711 Β)1111116111’61161111“6666611.

6161661666611166

8111661 1111166611661, 699001 1, Atmonon 1116663011,

611 111611, 61661

5.Κί 111961161111 Ι. 11111161, 9111666611161ῑ

8111666 161666611661, 9759666 111Ι 6111666661611666111161 1611111-

0616 ’11161161 ,, 169576 611611 1661166 ,, 19669
6111 1196666666111 1111111111,111199961116161666111-
611616161166611661, 359950 16116166166116611161661 6111661111

9616 Ι11161161, 89150 111116 611166

Hi 611611666116111 6161111166- 1.11166111111116161116γί111611 5116.οΞ6
11661ε 91 116116116111111116ο11166616,16-
6116161’]“1116666116ο1,Ι 99067863 116611116111161116611166111611-
96166111161161, 6359000 66111661.16161111161611611611996.

6111111 ’6666166616 611 1166111611111111661111 7589900
811166111611166611661, 3339611. 1616616166 1608551
96166111166161 ,, 3587396 91116] 1111611 111161166116666. 16-

9. 011116611166161611111,111111111661- 161166 1 116111166111611 1116111 6661·

gu, 6666616619, 16111616 1616111 1166 gemm) Sego& 161 1999. 1111
16616161111111611, 1166111 1111681611 evm 1111116611116161-
96166111161161 1359778 1611111116611161111611661111111111-
198661116166611161111661116661 1155118, 1611166111611996.616161666661
11.’1“1Ι111666111611 y 111666 26399999 161666, 61111116
511616161611166611661, 199671 7536999911-6611616611161661

 

