1906 : XIX. t. 1111[111111111911111111119111111111. 1. 1111111111. 1611

,111111111111 111; 1151111111 11111115 11 1111111 11 111111 1111111111 1111111
,111111111111111 11111110 111111111111111 1111 1 1111111 111111111 1111511-
111 111111 11 111111 151111 1111111 11111151111111 1111111111111111 111-
1111 111111 11111111 1151111111.

A 111111 11111111, 1111111111- 11 1111111111111111111111111111 - 11
1888. 11111111. 111111111111 11. 111111 1111111111111111111111111111111
11111- 1111111 111111111ῑί 11111111 11 1111111 11111 11111111 11111, 1111111
111115111111111111111111111111 111115 11111 1111111111111111511 1115111
11111111 11111111ῑό1 111111111111111111111 115111111111111 11111111111111.

A 111111111111 111151111111 11 111111111111 1115111111111111111111111
1111111111 11111111111111 e's 11111111-15115110115 511111111111111111101
111111111111111111111111111511111 111 111111111111111111111111 11 11111-
11111111 11111111 111111111111 1111111 1101111 1111111111 511111111111 1151-
111111 11111115 11111111 1 111111 11511111111 1111111115111111111111151111,

17. 1. 11111111 1 1115111 1151 1111111 11151111 11 1511111111 11111-
11111111111111111111111111111, 11151 az 111111111151111115111111111111-
511111111111111111 - 1 11111111111111511 11151111111111111111111111-
1111111 11151111111 1111111- 1111111111111151111111511111 1111111111111,
11 1151111111 11111115 11111111 1111 11111 1111111511 11111111ο1 1111111111-
1111111111111111 11 1111111111 1111111151 11111111111111111511111, 1111111
1 11111110 1111111111 11 1111111111 1111111111111511111111111115111111111
1 111111111111111111 1115111 1111111 minister 11111111, 111111111111111ο1
11111111111, 11111111111111 115111.

11111111111111ο11111 11111111 1111111111 111111111111151111111111
111111111111 1111111 1111 1111111111 1111111115 11111111 111111111111111111111
1111111111111,1111111111 1151111111 11111115 11111111111111111 11111111
1111111111111111.

11111111 11 1511111111 1111111111111111 1111111151111111111111111111111111
18000 11111111111, 1111111 1151111111 111111151115111111111111111111-
111111, 1 111111111111111511 1115111 1111111 minister 11111111111,11111111
1111101111 111111, 1151 1 1111111111 1151111 111111111111511111511111111-
11111 111111151 1111111111 1111111111.

, 11111 1111111111115 1111110111 11111111 1151111111 11111115111 1111
1963. 111 1111111 110 11-115 1111111111ιὸ.

18. 5. Az 1151111111 11111115 11111111 11 1511111111 1111111 1111111111
1111111111111111111111111 1110 11111111111 111111 1111111111111111
111111 1111111 11111111 —- 1 1111111111115, 11111115- 11111111115-1111111111
1511111- 1151111111] 1 1111111111 1111 1111111 111111 110 1151151 11111-
110111111511 1115111 11111111 1111111111111 1111111111.

11111111 11111111 11 1151111111 1111111151 1111511111 111111111111111-
11111111111111111111111111 111 1111111111 111111111111 1 1111111111 111111
1111111111111-- 1 111151111ιί 1111111511 11111 111111- 111111111111111111
1111115111111.

19. fi. 111 1151111111 11. 1. 111111 1111111111111115 11111111111111 1

11111111111111511 1115111· 1111111 minister 1 1111151111111111111151111111115
1115111 1111; 1111111 111511111111 11111 1 11111115 1 11111111111111511
1111111111011 11111111111111111111 1111111111 1111111 111511 11 111111111
11111111 1111111111111111 1111511111111 11111111.

,11 1151111111 111111111111115 11111111111111, 11 11111 1111111111

 

