1906:xl1. 1. 33. Α 113931311313-31111333113-3333111. e'. 3133311111. 111

2 1. 1111113111 1111313311 13 1311331331 13131331 31 1331313133-
31313131133133 1311 1131313333 31131311131131111 31111 1899 : XLVIII.
1131313311111311113 1910 1331331131 111 31-113333311333331131113111.

3111 1111131 11111131133 333113 113 1131111113. 1131313113113133 ,
133313131313131311133111 333.

333. 1131313133(

13 3331111311-131113131133-313ἓ3 IaIIuI' 133111 3333111133133 113·-

(833313311131 31311 19111. 111 3331133133 111 mn. 111111131131311 3319116. 111 «01331313 1111131111»
191111. 131313311311311-13 11313111. 33131133.)

1. fi. A ministerium 31331131 1311313133313111, 11333 3 m. 111. 11133-
1333131 1133111313 1133131111 1113311133 3 1131133311113-11111333113

111111131111131111111111131111111111111’1111111111111111111111
3313 131313113 13331111 1113313131 181191 XLVIII. 1.-13111 11313 1331 13131111313313311 33333113-
331113 333 3113131131133 333 3311133131 13 333, 31131 1311311113 11313313 311113 13111311 111-
3113333111 1 111311331313 31113131 1313131113113311ς 333311111311113313 1313 131131. 1113333131
1333131111 1111131 31311 1311 1311313113311113331113313 31311111 1111333113 3 111113113313 31113333
1313131331111113,113111311 33331133 33 31131311 111131331311313131113311. 113313131331311
331 1113313311 3313331131 13 3 11311333 3311131333 13 131131313331331311311313111 reform 333311311-
ἰ1ό13 33 13133313111131113 133311 13311111 1131313333 1313111313 13 3 1131331333 11113313131311
113.
I 31 311 3331 3 111113313133131 1133131311 111311, 33 1113131333 1331 133311111131311 33111 3111-

313 1113131313ἔ3 11113 3331 3311131, 13331 31 1113111111111333113333 1113331 3313111311 31133311133111

3131133 33 11133 33 3131 3311133 331131333, 11333 3 1111331113313 3 3111113 133111331113 3111333333
333111331313331131 111333131111311333, 13313111.1111313311311313331331 133111331313313·
131313131311131333 33 181111; XLVIII. 1131333111 11111ζ1331 1131311113 31111333331313 33111111,
33313131333113 13 31131 33111313311333113333313133 1331311 31111131313111111; 13111131 33111-
31333, 13331 133311333311311133 33 3333 3113133313331 1313111111113113313131133111111 31313 13 333·
3331131331131333 13113131313131(1. §.); 3133133133 33 1111111111 1311 1313133113 1333313-
111111-’11111’11111111ἰ11111111111131111131111111111’ III‘JIIIII‘Jt
1131333111133111 3311113111 1311133333133 13 3331331 33 33311 1333111331 31111133 13, 3 331131
13133133131333131333ιί3313111311333111111111111113131 13 131133131333311333113 133331 11311, 3
3311313111311333131311331131331113 33111133 311113 13, 3 mig 311113 1131311311331 1313111331 1331-
13313 1311311 313 31131313 311133 11111311133133113113. 1111311313 331]Ι 3313 313, 1333111133-
1111. §dhan 3131113311311 1311111111333 13113133 31133331, 3 3311331131331311 311311331111131311
11131. 31311113 3111131333311111 uj 31333113 113111113131. 111311, 11333 3131331113331131113111 11313
13311111311 ¹899: IILVIII. 1-31. I. 3-1333 33 133331311131313131 3331 131131313331313331 1111311111
13 1111113311 13133131331113 13133331. 1. 1111131133 1331311 3331311131 31131333131133131313131-
33311133 3311311131311, 3 313 1 13111313133313133 13313133333133111 1313113 13331; 131131 11331-
13311. ho 1 1333131131131131331 33131313, 133 3 3311133333 3111311113131 33333331, 1111131 1113,
11111151 1311119111, 11111333311131-113111113 333333313111111. 3331133 33113 3113311111. (1 .
Iun. 111. - 81311133. — V. ὃ. αι 19333. 11311113. 19116333. 713 87. 331313111311.)

III 111113. ,13333131111311 min. 111313111311333331 1111111111331333111113331113111113·
313113111113333133111113331113 113 3. 111. 111331331131 3313331133-3333 1311311133 3331131311
111113311113311133 11331133 311 13 31131 1313113131 31311 1113131131 1313131, 33113131 31311-
3133311313319111. 13 13133313 3113113311 11331 1311131. 1313113133111131 33 3331131133111133131
1111113131311131 111331131131 333, 11333 333131 33 3331111131 1111 111331 1111 11333331113113 13
1113311 3133131311111133113, 33 3113113Ι)’33131 113133111131 1313111113 1 133313131311131131313131113
11131331131331 3111311. 1113111333 31311133 3 1311113311 h. 1. 313111 111 31111313133133133 1111 11311131
131111131131333311131. 313331 11131113111333 33331 33 3111313133 33 181111. 111 XIIII. 13 31 18811
111 111.-33. I. ,1-31113131133 3 111113311331313111311111 131131311, 3 111. 133313333111131111131
111313313313 3111113131 3313311133 1311113 3131131113 1131111311 333 3311. 1111111333 33331113 33

111311 1313131 3 113111 1113131313 3113311313 1133311131 31311 3113, 13333 3 33331 1311131 3331113111

10*

 

