160 1906 .· XIX. 1. cz. A Β111-Βο11109 011119111911111111. 10111111111111.

11111111111181111110111-1110111 1101111111 11111111110111111111 111111-
111 1 111111 1111111111 1111111111 1011111 1131111111 1111 11111-11110111-
11101111 h. 1. 111110110111 1111111111 1880. 111 ΧΧΧΙ. 11 az 1888. 111
W. 111111101111111111 10111111 1111111111 111111131111111111111.

2. 1. Α 111111111111111111 minister 11 11111 §ban 11111111111111111-
1111111111111111111111111111 11 1880. 111 XXXI. 111111111111 1. 1-1 11-
111111111 11011113111111111 1111111111 11111.

3. ὅ. 111111 1111111 11 1011111101 11111111111-111 1111 1113111111
111111 lep 111111 1 111111111111111 a kereskedelemiigyi e's 1111111111
1111111111 11111111 meg.

11111. 1111111111111

a 8101-3011011 111111111111111111111111. 1. 1111111111 111111111111111111

1111110111 11111111 8111301101] 1111119111 11 (1111110-111111111-

111111 11. 1. 1111111111 1111111111 11 1111111111 1111011 11911111011111011
1111111111 11111111111111)

(511111111111 1111113111111 1111111111 111111. 11111111111111111 11116. 111 1011111101 1111111111»
1906, 111 11111111111111111-11 11110115. 1111111111.)

1. fi. Α 8111801101 11111111γεί 13111111 111.111111111111111111111111
11111101111111111 3111801103 1111111111 11 1111111-11111111-111111 h. 1.

11111111 oly 1111111111. 11011)ι 1111 10111111111-111111111111111 11011111 1111111101 11 111- 11111111
11110111111111111111111111111111111 1111111111 affy 1111111111 11 1011111111ιὸ 1111111111
c) pontonium 1111111 1101111111111011111111111111111111, 1111111 (13101111, 1111111101 11171011
11111111111111 11 1888. 111 lV. 1.-11111111 11111111110111041111111 1111111111 1181111111 1111-
111 1111 1111111111. Α 11111111111111111111 11 11111, ’11111111 12110011 1010111111111 101111111111101
11111111111111 1111111111 11111, 111111 1310011101011111111 [1111111111. 10111 1111111-11111-
11111110111111111111111111111111111111 1111111111 11111111 11111111 11 111111 1111111111010101 1113111111
1111111111 1111111111111111111111011 11, az 1111111111 111111 1111111011 11111 111111 1111111 11111111
111111111111. Λ 111111 1111111 111111 11111111 11 18811. 111 XXX. 1111111111113 1-1111 b) 1011111 aze:
1111 1 m. kir. 111111111111111 [1111111111ιὸ 1111111111 1111111111 1111111101 1118011111 11101111 1110
1101110111111111111111111 1111111111. 1111111111 11 1151111111ρι 1111111111 111111111111 abebi
11111111111111111111111111111111111111111111111 11111111, 11111111111111111 11 1111111 1111111111111.
Α 11111ιό 11111 a 1111111111 11111111111110111, 1111111 11 11111-1111111111 101111111111 1111111111 1011-
11111110111011111111111111111011111 1111011111 111111111111111111111 11 11111111 111111111111111
1111111. 111111 1111111111111101111101 101101 1111011111ιί 11 1111111111111 1111111111· 111111111111111.
1111111 1 1111 [0111101111 1111111111 11111-11101111 111111 111111 11111111 11 11111---11111111111
10111111111111111111111111111111111111111111 1111Ιό11111 111111111111111111 11111111, a 1111111111·
1111111111111111111111110111 1111111-1111111111 1011111111 1111111111 1111111111111 1011111111
11111111 11111 11 1111111111 1111111111 - 111111111111111 11111 1111111 11 1111111111- 1111 11 11111)-
0111111111111111111111111111 1111111111 111111101011. (190⁶. — 12⁶2. sz. 110111.) 111131111101111101
11 191111 11111. 11110811. sz. 11. M. 111111111111111 1111. 11181.

Α 11111111111111 111111111εᾶ1μί 11110111111111111111111111111111111. 13111 1111111111111111111101311Ιωὺ
111111111111111 1111111111ιί 1011011111. 1111111111 11, 11111-11111111111 10111111111111 1111111111111
111111111111110111111111111111111111 1111111111111 1111 111111; 10111111 111111 11111111111111-
11111111111111111,1111111111101111111101)·, 51110111, vohs, 1111111111 1101111101 1111111111111111111
11 1101111-1111101, 11111111111-8111111111 1110111101 11111 1111111111 8111111011 1111161111111111-
111111;11111111111111111111110111111 11111111 111111 1101111111 11Ιὸ 11111111111111, 1111151
1111111111111111111111 11111 11111 a 111111 1101111111 1011101 111111111111 1111111111 1111111111
10511111111111 111111. 11111111 1111111111 1111 1 1111111111 1111111111111 10111101111110511110111111
11111 111101, 111111 11111011 111111111111111 1011111111 11115111111111111031111 1111111111.
(1Ξ101119111. xz. from: 11111111 111111111110111111111 11110111. 10111111νυί1 fetentem. 19⁰6.
Ju. 111.)

(m tb'rve'ny Javaslamnak 111111. 111111. 1110101110. Α 10111111111011-11111111111111 im.
111. 111111111111111111111 11111111111111111 11111 181111. 11111111. 1111111γαί11 11111111 188. 111
1111111111ὴὸ 17-113833111111111111 1111011 11111111011111111 1131111111111 ”abadia-:enta-

 

