1906 : II. t. 33. 313 111333113131113 1113191. 31131333 33333113. 13113131333313311. 19

311333313331331333331 - 11333313131, 3331 131113133 1311331133-
1311 33133313331331 311313313331313331, 33 1906. 33113113313333311
3131131133 133113333 33 33 3331 31313133 1313113331113133331313 133113·
131131 33 3113331 11333331313 113311331 3331333133 133131133311 3333133
1333313333.

21. A 1131333133 33333 33 1903. 311 3113331 11113313313313133113 19114.
33111111. 1.-131111313333311113313331ς 131131311333313111 3333133 3 13133331,
hogy a jelen 1131331 1313113331 13113333 31311 311 1133333131 is 13333133-

333, 3 3331131 1311131313 31131311 11113 11333313133111113333133 13133-
13333311311133 1333333311.

1901. 311 3111131 1311111 1133113333 13 3 3311111, 13 331133113113133131133113113331333313.Ε13133- =
13131 13133 3 13133 111333113333113131133 3113133311111331 313113111133131 33131313 1333313333333331
1111113133Ι 3311113333 helye 3 3333 3 3311313 Ι131 13 13313 333133 3311133111 1113333331 3 113 logos
lerov1s1g 1311 1311133133 1333313131 1133131, 131331 331 331133133333 200 13133113131, 3311 3113311
33133311113133111331333 311111133131331131 33 31313313 1313331331 Ι11113113. 11333 33 31313333 13·
133311333113313313331313. 3 111 33113131, 13 31331311 13131333 331131 1311333331311911131111331
1313111 3113111311333113113331331.Ι 3113333311 331333111333113113 3131131131, 311133 3131331 3333311331-
qa 1331113311133113 33133313331333 13331, 1313131131Ι 331131 3133, 131133 1133113111 3351311331-
113311311111311111111111311 ῑ11111111111111ἒῖ11111111111111111111111
1191111133311131813111311 1111113 31113111 is 11331311131331 3 1313331131.κ 331 33 333118 1333133331 1333133
111131111311111ιὲ111111111131111113,11111111111111113111ἓέ111311111111
1133131131133113333131313133113113113331 311 13311133 131313 13111331, 13313131131333133131
11311111 11111113111111111111111 1111111111ι31113113”311111111113111111111.ξί
133331313113133313331133 3111333131133333 3 1311333331 1313333113331 33331313111331313131 13ἱ1311ἐ331ἰ
1131113111111111111111111111111131111111111111111111111113111111111 1111313
33131311131331331133133311, 3133333131 13133131 1331 3 1131131333333133131331133113313311111
1333333333311133333311.13133333331131333333133331 131313 11111, 131113 1331131111 313311331’333311 stem.
13131313 1111313313 331313 33311111 3313333313113313 1131 1313133313 1131131313113311333131331133313313-
13133313333331. 0313111 31113313. 13111 ugy 33 3331, 33131131 33 3131311113113131313333333313113333

333137313311111113113131133 13111 131133333133 33311113311, 33 3 3333 13333111 331113 33 1111313133. .

331333131 33313 1333311313 3313 131133 ki.

A 3133131313ιὲςί 3333331 331133313113313331331 331 133333331311333313131331 1331313333 31333-
333311133111 181113331 111 113333133111 13131131 33 1901. 111 1111111.113313133111333119111131
3313333131 131 31-ig 1333331113113 meg. s 3313133 3 111313113333 33113 3 1113331 1313113331 33311-
13333311113333113333 1313313331, 3 33311313133131 3333331 33 1313331131 31131 33 1899. 331 111. 33
1001. 331 1111111 1133311311 313 133 113333111313331331131331 33 111115. 3131133311 31 1-111 3311131-
3131131113333313 31111331331333111311113113131331331313 313131133133331313113131. 1131311 33
31131 33 1111133 1313331 33 11333131 1313131131 1311313311 3333113331, 33 1311131331311133333311
313133 13 11313311133311, a 13133 113333113333131 0. 1-3133 gon 3313333 1311311 31111. 1311133
1901. 331 31111. 111333133111 1313113 191111. 33113333311 1-131 3311333331111133331,3313111333
11133311333313131311 131331333331113133311333 1331333311.

Α 1. ξ. 333113131311131133131313333 1313113 1905. 111 133333 11 1-111 1333131331. 3 3311 33 311311
1133313131 133333333331 3311333331 1311333333 33133311331333 31131111313331333331133133311333-
13331331311333333 333313111 3 1313131331 1313133333131 (1906 3311313 29333. —- 13. 33. 11331.)

( Α 13131313113 1333331911 1331131φά333 1313131333.) 3 13313113111131331133313113133133331
3111511313311113111 3 ι111111331ὶ(1131111,1131331’1111331133 11131111ῐ 13161111 331133811313111 3113113131 11-
111331 311131111133111111111 1111111 1201010011910⁰02012111101 113111. 11000101}
11133333131113313131311191111.311131133 13113311 311 1133131133 1331 3133313331 13133113111331,3
[311113333133133 3331 33 1111131131 1111333331331 1113131131311311313333. ’13113133133133 1111131111
1113313313 333133313313 3313 sem 1311331111 1133331313 3333 331131311, 33 33 1313313333 33 egye-
3111313331131133 1111131111 1113311313 33133333313 3333 1311. 3331333333133131131313133 is
3333313313131333 1311 ugyanis 3331311311 333333313 33 3133311111 3333 13113331, 13113
13311311 1111311311113333313331111331331131 133331333311113111 13 31133111313111 Ι 3331. Ε 33113-
31131 13113331333331313 311331 313331 meg. hog 3 11333331 33 1331313131 311 333333, oy 1313331311, 331-
333133133313133311311331333131333313131111, 3 mint 3313319113. 33111113311313311133111113
3113331333111133 mennyiben 1331131131311313133 333313 3113313311311313 13133, 33 3113333 3313333
eg 33 33331113 1333131133 1333113331.

333311 1113333311 3313333113113133 3 13133313333311 331131131313133131313311333. E 1311311131
3113333313113313111, 311113331133 1133331111, 3 3 1111331133311113313131111 3333131113, nem 11331111

2*

 

