1906 : XIX. t. cz. A Bam-Bodroy 3333393313933331111. 3. 3333131331. 163

· 3131133313, 1113133 3 13130331 1313311131 13]331313313333133113131; 131331 33113-
131331333133 311333 313333133313133331 1333333 1131313113131333313333
113133113133331313131 33 111313 1133331 331133333131133333131ς mi 3113133
313111 33. 1133 13313113333311333331 3331 3313131331.

¹ 9. ἕ. 13 3333311311 333313333131 1131313331 133313331331000.33111Χ111.
133333333111 8. 1-3331 3) 333113 3133133 3333331333 1333333133 1333313-
3313333331 3333333 1133131 3131313313331353333331333333331333333 133-
1331333 333333311331313113333333131 13333313333333 33131333 31; 33 3
3333133 3331313333 egysieges 3333333133 3 jelen 33333333 33333313311331
1133333113 333331 133331.

10. fi. 1313331- 33 333111133131131 33 3333311311 333313333131 33313333
3 133311333133 333131331 meg:

a) A 3333313133331331133 3333333311 333331331 13131133133333313-33
111333133331131 3 1313333311 3331313133 10 31133, 33 313311 3331313133
pedig 6 111133 33331313 13.

A magasabb 33313131 13333313 313331 13331311 13 33 3133333311 333-
3131331333331311331331 11-331 33313133, 11313133 3331331 1333131313 13-
3333333311 133311133 333111133331.

A 3333331133 335333133313333333 333333 1333133313131 3333313313, 3
Ι1131131333 3331313331 33333313- 33 111333133331131 8 111133 31113131 3333-
313 3.

1)1111 podgyzisznz'ss 33 3333333331, 1333133110 kilogrammnyi 33131313-
13133 1311313 11133311113131, 10 1113533133]- 33 111333133331131000 31133331
13ᾗζ33ἓ33311 31113131 311303331313. Uti 3333333333333133331333131133
te 01.

, 033333331331 3331103333 313 31113131, 131131 33 113131 311313113133 33333
33133333 1133131 303333333131 33331313 13333113 133333333331 33 333-
131331 3113133333331.

c) 13 3331 3331111333331 311313331313 flegmagasahh 33333133113131 1113
3313333133 33 100 111333333331131 331. 33331333 3331313133 100 111133,
3 11. 3313333130 33331333 3331313133 130 1111333331331333133333313133
330 133.

A 133333, 33313, 33, 11131- 33 33313113, 133333, 13, 31333 3313313 131133
133313313333331133 111333133331131 33 100 kilogrammonkint legselJ'ebb
1 111133 31113131 31311311 3331113333.

1133333333 100 1133333313γί 33 1113331333311311 31113131 3331331--
1333333113 31131311] 3333331- 3 133313313333331133 131333333 1331113313
3113131 3331111333331 13.

A 1333133133133331133 131333333 1331113 3333133313, 3313313133131-

33333313 313Ε133 3331113333 313 311313133 33333 3 3133331311 33331333-

3331313 13313

3333331333 13333333 3 3333333333 33333333 1331113133 131333 33331313-
3113333 megyei 33 1333331 31313311333133 33 1331331333133 3311133333
13333313 33 kavicsanyagot 1313133 100 11133333131331131 33 1333313333-
1131031 11113333 3333331313, 3 3331111331 333 33 3 13331331 1113131 131-
3333311333 [33113113331111331.

13 3331 333131333333 3 313111 3331111331 es 3113331331, 1113133 311333331-
1331 13133333133331, 3313313131 13331331 33 3331131111313131131131313133333-
3313133 3 111333333131 3331133333 33 3031311333 33333 3 3333333 1133131

11 131313 3331331 legmagasabb 311131311331.

 

