1906:111. t. cz. A 1111111111. 11 1119111111 1111111111 1111111111. 11

6. ὅ. A magyarorszingi 1111111 11 11111111 111111111111111111111111
1111111111111111111111111111111111111111 1899. 111111. 1.-11111 1111-
11111111111111111111111111 11111 19111. 111 xvnl. 1.-11111 1111111 1905.
111 11111111 1-111 a 1111111111111111111 11111111111111111111111111-
’ 11111.

7. ὅ. 11111 1111111 1111111111 1111111 lep 111111, de az abban foglalt
1111111111111 1111111 1905. 111 1111111 11 1-1111 11111 11111111 11 1. 11
61111111111906. 111 1111111111 1111111111 1111111111111906. 11
11111111 111111111111111 11111 11111111111111111111111111111111111111.

11111 11111111 111111111111111 1 11111111111111111111111 meg.

111. 111111111111

a 11111111111111111 11 1111111111 viszonyok 1111111111161111

(8111111111 11111 191111. 1111111111 111 9-11. 111111111111111 11 1011111111 ’11111111111191111111111111
111 911 1111111 1. 1111111111.)

1111111111111111111 a 1111111111151 1 1111111111111111111·1111111-
delmi 11111111111 111111 11111111 11111111 111111111111 19116. 1111111111

11111 1111111111 1111111111111 min. 1111111111.) 11 111119. 111 11111.1.-11.111111111111111111
1111111 11111111111111111111 az 11 antonem 1111111111 111111111ιὲ11 11111111111111111, 111111111111
1119111111111111111111111 11111111111111111 1111111111, 1111111111111111 11 1111111111. Ugy 1 111111-
11111 1111111111111. 11111 1 1111111111 1111111111 1111111111 111111 1111111111 1111. X 1111 111ἰ111111
11111111111111111111111111111111 111111111111111 1111111111 111111.11111111111,11111 gaz-
11111111111111111111 nem 1111 111111 11 111311 1111 1111111111111111111111111111111111111
1111111111111[111111111111111611111111 1111111111 111111111111. 1111111 1 11111 11111 1111111111
1111111111.1“1111111111111111111111111111111111111111111111111111111
1899.111 XXX. 1.-11. 11111111111111111111 11111111 1 1111111111 11111111111111111111111111111
111111111111111111111 nem 1s 111111111111.11111111 1111111 1111111111 1111111111 1111111111111111
111111 1 1111ηό11111 [1111111111 1111111111. gon 11111111 111111111111111 1 111111 1111111111
1111111111111111,1111111111111, 1111 11 1899. 111 XXX. 1.-11. 1111111 111111111111111111111,11
1111111111111 1111111111 11111. 1111111111111111 ,1111111111 1111111111111111111. 1111 11111111 1
11111 111111111111111, 1111111111 a 11111111 1111111 111111111111111111111111.

[111111111111111111111111111 1111111 11111111 1111 11111 11111111, 11111111111111111111111111,
1111111111111111111111111111 11111111111111 1111111111 1111111111 11111111. 1111111111 1111111 11 111
11 111111 11111111111111111111111111111111111 1111111111, hog 1111111111 111111111111·
111111 m 1111111111 1 11111 11111111 111111 1111, 11111111111111111111111111111111 11111111 111111-
11111 11111111111111111111 ,1111111111111111111 1111 ,1111111111 1111111111 1111111111 11111-
111 111111111111111111111111111111111
11111111111111111111111111111111111 1. ,1-1111, 11111111111111 jugat 1111, 11111 1111111111111111-
1111111111 11 111111111111111 1111111111 191111. 111 1111111111 1131-111 1111111111 1111111111111111,
1111111 111111111111. E 1111111111 11111 1111 1111111, 1111 az 111111111111111111111111111111111111
1111111111 111111111111111111 111111111111 11111111 1111 1111111111111111111111111.

11111111 1 1111111. 1111111 1111 111111111111 11 1111111111, 11111111111 1111111111111 1111111111,
1111 19111111111111131-111111 11111111 1111111111 11 1111111111 1111111111111. 11111 11111111111111
11111111899. 111 XXX. 1.-11. 11111 111111111111, 11111 111111111111 1111111111. 11111 191111111111111
11131-1111111111111 1111111111 1111111111 111111111111 1111 11111111. 11111111111111 1 1111111111
11111111-1111111111 111111111 11111111 1111 1111111111ιό 11111111111111111 111111111111111 1911, 1111111
19111111111111111,11111111 11111 111111111111 11 11111 11 11111, 11111111111111111111111111
11111111111111111111111111 1111111111. 11111111 11 1111111 11111 11, 111111111 111111111111111111-
1111, 111111111111111 1 111 111 1111111111 1111111 11111111 11 1111 11111111 11111111111111111 11111,
11111 11111 11111111 1111 1111111111 1111111111111111 1111 111111111 111-111111111111111111 11111111111
&a 1111111111 1111111111.

11111111111111111111 1111111111 11 1111 1111111111 1111111111 11111111111111111. 11 1899. 111 XXX.

 

