168 1906: XIX. 1. 11. Α 883183113538111139531351331111. 1. 3131131181.

3131311 13331113513111818131 13131311131 135111133131 1131338181313-
3311338135 31331313111311 181 11183 11113115 83118113 18118 18131831135
1111335131 35131111 h. 8. 13111131 1811181111131153 1111113 35118531
33531811311131 3131181 11.

81 3181313111 1311311133181131 1311131113, 3 11181113-13313-8833131
81131111-11315311 18131-8311351111335131) 1. 1. 13111 8111181113 81 11113-
181331 1888. 81111111. 181183133111 1. 1331311113, 3131111113111113·
81 11113131811511 11135131 1111111 minister 11131 1881. 111 11311313831 18
11-83 38335. 11113113111111311 3351181131111131, 13118111 318113313-
3111181-111311 1. 8. 13131 8111181813 11 11131813 31 1898. 811 XXVI.
111113131111 1. 13 31311113 3 13131131313131511 3135131111111111111111131
11131 1898. 811 Julius 118 18-13 811811. 111111 31111 1111311 33531811-
311111 - 31311131 1131111311 11111 131131131331 11 3 8131-831135 111-
3135131 3513111111. 8. 1313131 1813113111113115 1811113 3 181311318 351-
11531 33531811311131 313111 ki:

1. 1. 81311 1835311113111311 313181181 13513 3 8131-8311351111335131
3513111111. 81311131 1811183111113115, mint 3 8111-83113511111135131
81 13 8113313-1111111-11131 h. 1. 13131 1811111111111311531 1351118111,
3115318111 1311 11 111313131118531111131 3113, 113513 1335131 1111111111313-
1313131 811831131113111111881 1115118135 133113 81 01131181 11 3 11135131

—-

1113131111, 1111111133 111113111131113133111111113131318131 318333131185 1913. 811 11111Ιί1 18 2283
11111313. 31 1888. 811 IV. 1,-31. 2. 1-111313) 1133111833 111811111111131 335111111113511311531131-
3131 1818111 11111Ιί1118 11-111 13513 13113 513131111318. Oly 3811111 11111111, 113513 1311131111
3111111311 13131311 311313113111511111131111 81 1311131111 183311111118511331111,11 111113
11311 1111111111 11311813 3113111113ῑό 135133, 13 351383313153181131113181. 1-11133 331 ad 1331131-
11513 38113 31 1813. 111 1311111 18 1-1131113131113113511531 13111311 13111118 18131311 131.

111881111111111. 1.-31. 8. 1111311111 1111111111 3111333131185 35118531 13111111113133113111
111318 1113111 31311 831111131331811 1111131311 118131131131311 35183138133111113111131113131111,
mi 31311311 1 3131383 181313113113 1818111811. 83511 13111113 -13313-,1833131 81 11111-1131531Ἷ
111111111111111111111111111111111111111111111111
3131113131, - 1113131 13513. 8133 3111311111 1181 11311313 1111111811 3181313311531351311131113111-
133113131 1881. &vi 131111 88 1181 1311118135 1911. 111 11311311831118 181513113113. 1 13333118
111131111131131318813111831113513153133531111311111 81. 118311 333 111111111111131311133,
1351111981111311811311181815 1113111311 1111331111 18131311 131. 1135111531 33531111311131
8188111181888111188111 ,11,1111881188311881811111 ¹¹⁸⁶⁸¹¹¹¹

Α 1113133118131118138835μὶ 81331113111131 1313111131811. 831 181181111131131 1313 35131131
13131111ιί111 8131131 33513811 1111111 31351311111111 31 31331133111111,1133331183133113133131
3115131111 131111 18113111 15153183 3311 11113-18111 13113Ιί, 833331 35111113133318111113311
151Ι 53111 11311311 351 1111 311 11Σ 111 Ι3335111 11131111131511111 1111111531 11351313111131111 351-
8118813ῗὲ18883138188113138888 8818818831Ι88188188131803183018081318183 ι3ῑὶ1101111111188’13118888 130131111οέῗὲζῖ
1331118813 3131131133 311311111113111313 11111. 1311111 1131118311. 111 11113115 1311311 3515131 1311
11111111..1111111111111111111111111111111111111·-
1111131 83131311 11131. A 131 3131111 33531811311131111133181 1 11111111311183 11111311 111 11353181
3353131 311111351311331131. 1313 313133 31 1-3. 111118811111. 3131 111351311313131 13111 3133
151113 1111311131 1181831833, 1331131 111 1111131313ιίΙ 335118113111111111 111131113111511111118111
111..111,111111111111111111111111111111111111111111
11111111111181118-1311311131111111111111311 11 Em· 1131111111 31113133 31831 1983. 8111111111 88
218111113313513111111131313113111113113113. 1118811111. 1.-11. 813 c) 1311113 131113Ι
11831331311151311518111111111118811-13. 31 1888111. 1-31.. 2. 11. c) 1131111833 18131111
11351111111353 1. 1113111131 1111113 11113. 11 11111111 111 Έ8111 13113 5111313183ῑό 311 3811181 3133-
833, 135 31 3111111311 13133111 1181333118533113311118111111331111 18111111313185113 3181
1315111183 havi 111131 13111113 3113111131 1351311. 31 35111531 31153181111131 21. 51113131
318113113138513 1983 81 3111113 88 11111131311131. (1906. jul. 181111. - 11111113133111311313
a 1111118551 8131113. 19118111. 1113131181311 1313311331

 

