1906 : 1111. 11. 111111111111111 1111111111 8111111111. 11

1. CZlKK.

1. Α 11111111111111111 1111111111111 11111 1111111111 1111111111111111-
111111, 11 11111 1111111111111, 1 11111111111111 11111111 1111111111 1 1111·
11111 1111111111 11111 1111111111111 1111111111ηά1 1111111111111111111
1111111111, 1 1111111111 11 1111111111 11111111 111111111111111111111
1111111

1) 1111111111 1111 (1111111111 1111111 1111111111), 1111111111111
11111111111111111111111 1111111 1111111111 1 111111 11111111111111111-
111111 111111111111 1111111111111 11111111, 11111 1111111111 11111111
1111111111 11111 11 1111111111 11111111111111111111111111111 1111111111111,
1111111111 1111111, 1111111, 11111111 1111111 1111111111 111111 11111111-
11111111 11111 11111111, 11 11111 111111111111111 111 111111 111111,
11111 111111111111111, 11111111111111ς

111111111111 1111 1111111111 11111, 111111 111111 11 1111, 111111
1111111, 1111111 1 111111 11111111 111 1111111111111111111111, 11111 1111-

1111111111111111111111. 1111 11111111 11111111111111, 11111111111111111- '

1111111. 1111111111 1111111111 volt, a mennyiben 1111 1111111111 11111111
1111111 111111 11111111, 1111111111 11111111 111111;

1) 1111111 111111111111111 1 1111111111, 11111111, 1111111111, 1111111111,
1111111111111111, 1111111111 1111 1111Ιό111 11111111111111;

c) 1111111111 11111111111111.

11111 111111111 1 11111 11 1111111 111111111111 11111114111111111111
1111111111111111111111 1111111111 1111 1111111 111 111111111111111
1111, 1111 1111111111111, 1111111111111 1111111111, 11111111 1111111111
11111111 1111111111.

111 11111111111111111111111111111111 11 11111111111111 1111111111
1111111 111111111111111111 11111111, 111111 1111111111 1111111111, 1 11111-
1111 1111111111111 1111 111 11111111 1 1 11111111111111111111111111111111
’11111111 1111111111111. 11111-11111111 11111111111111111111 1111 1111111111,
1111111111111 11 11111111111111 1111111111111 111111111111111111.

1111 111111111111 511111111 11 1 11111111, 1111111111111 11 111111-
11111111 1111111111111 11111111 1111 1111 1111111 111111 11 1111111111
111111 111111111111111111111111; 1 111111, 111111111111, 11111 1111111-
111 1 1111111111111111111111111 11111111111111111111 11111111111111
111111;11111111111111111111,111111 az 111111 11111 11 1111111111
1111111111111111111111111111 111111111111, 1 mima 5111111111111
11111111, 11111111111111 11 111-1111111111 1111111111111 1111 11111111
1111111111 1111111 111 11.

1111111111 1111111 1111111 1111111 111111111 8111111111 11111111 111-
11111111111111 111111111111111111111111111 111111111111111 111111111111
11111111111111. 1111111111 1111 1111111111 111111111111111111111111111-
1111111 1111111111 1111111111111 11111111 111 11111111 1111111111111111.

1111111111 1111111 11111 1111111 1111111111111(1111111111), 1111-
1111 1 111111 11111 1111111 1111111111111 11111111111 111111 11111
1111111, 111111111111 1111 1111111111111 111111111111 1111111111, 1111
11111111111111111111 1111111 111111111.

1111111111 1111111111 11111111111111111 1111111111 1111111111

 

