116 191111. 1. 11. 1111111 11 1111111111 11111111. az 11111. mim-ban.

ajelen 1111111 11111111 1111111 1111111 11111111111111111111111 a 111-
11111111111111111 1 11 11111111111111111111111111111111111, 111111 11111
1111111111111111905. 111 januar 11 1-11 111 1111111111 111111111111
199111 1996. 1111 111111111111111111111.

111111111111111 1111111111111 111111 11111111111111111111.11111111116 1111111111 11111111111111-
11 1111, 1 1111111111111·.1111111111 11111111111111111111111 111111 11 1 1111111 111111 11 11111111-
111111, 1111 111111 1111111111 1111111 11111111111111111 111111111111111 11111111111111. 11 11111-
111111111111111 111111111111111 1 11111111 1111111, 1 1111111111 1119111 11111111 111111111111
fis 11111 1111111111 11111 111111 1111111 1111111111 1111811ς 1111. 1191111111. 1.-11) 1111111111-
111111. 1 111111111111 1111111111, 1111 1111111111111111111111111111 11111111 1111111111 11111111-
1111111 1111 1111111111111111 1111111ιί 1111111111 1111111111111 111111 11111111111 11 1111111111-
ministerium 111111 111111111 1111111111 11111111 11 1 111111111111 11 1111111111111 11111111 {deig-
1111111, 111111 11111111 111111 1111111111 1111111111111. 11111111111111111 1111111111 1111111111111111
111111111111 111111111111111 1111111111111111 111111111 111111111111,11111111111111111-
1111111111111111111 11111 1111111111 1111111 Ι1111111111 s 1111111111 11111111 111111 111111111111
11111111’111111111111111111111111111111111111111111ῗὲ11; ’11111
1111111111111111111111 1 111111111111111111111111111111111111-11111111111111111 111111111111 11111
1111111111, 1 11111111 1111 1 11111111111111111 1111111111111 11111111111111111.
11111111111111111111 1111 111111 11, 1111 11111111111111111111111111111111111 [animab-ste·
11111111 1111 111111 1111 111111111111111111, 1111111 1111111 1111 11111111111111111111111 beren-
1111 1111111111 &s 1111111111 111111. 1111111111111111111111111 1111111111-111111111111111 1111111111 11
18119 ; 1111111. 1-11, 1111111111 1111111111, 19115. 111111 111 1 1111111111 volt: 11 ministerium 111-
11111111111111111111111111 annosos, 11111111111111111. 9 minister} 111111, 11 11111111111111111111 is
1 1111111111111111111 31, 11111 11111111 1 11111111 111. 1111111111 11 1111111111 311 11111 111111
11111111111111 ’11111111111111111 11111111*11111111111111111111111
1111. 2 1611111111 1111111111, 9 111111111111 1111 11 1111111111. 11 111. 111111 &s 1111111111. 19111. 1111111
1-1111 1111111111 11111111 11111111 1 111111111111 1 1111111111 1111111111111111111ῑ 1 11111111111111
1111111 1111111111111111 1111 1 11111111 11111111 1111111 111111111111 11, 111 1111111111 1111111111
111111 11111111 1111, 1 111111 11111 1111111 111111111111 111111 1111111111 111 1111111111111111 1111
1111111111111111 1111111111 11111111111111111111 11111 111. 11111111 1111111111, 2 111111 111. 1111111111
ks ⁹.) 111111 1111111111 1111111111 11. 1111111111 111 11111 1111111 [111111111111111 1111111111111111
1111111111 1111111111, 11111111111111111111111111 111. 1111111111 111111111111111 1111111111
11111111111111 11111111111111111111111111111111111 11111111111.1111111111 11111111 111111111111
111111111111111 111111111111111111111111 1111111111 111111 *18 volt. Ezzel 1111111111 ministerium 111111-
11111-111111111111 1111111111 111 111111 111111. 1 111 1111111 11111111 11111111, 8111111111111111,
9 minis-wi 111111, 111111111111 115 1111111111 1111 11 ’18 1111111111 1111111111 11 1111111 111111111111
11111111 mm» 1111111; (111111111111111111111111111111111 11111111111 1111111111 111111111111119
1111111. A 1111111111 11111111111 111111 11111 11111111111 111111111111 11111111111111111111111111·
11111 1111111 (1111. 111, 11. 11111). 11111 11111111 111111 1111111111 (es 11111111111111111111111111-
1111111 [1111111111. 1111111111 1111111111111 1 11111111111111111 11111111111111 111111111111111
1111111111. 1 111111111111111111111111 11111111 1111111111 1111111111 11111111 1111 111111111
11111111111111 1 1111111ῑό 1111111111 1111111111ε 11111111111111.1111111111· 11111111111111111-
11111111111111111111111111111111111, 1111 1111111111111111111111 11111111 1111111111 11.
111111111111111111111 11111111, 11 1 11111111 11111111 111111111111111111111111111111111111111
nem 11111111. 1111111 11111111111111111111,1111111111111111 1111111 11111, 11111 111111111111111111
111111111111111111 111111111111111111111111111111 11111111 1 11111111111111111111111111111111
1111111111 111111111111 1 111111111111111111111 11111111111111111 111111111111111111 111111111111-
11111 11 11111 11111 1111111111 1 111111 is 11111111Ιό11 1111111111 1111111111.1111111111111111111
1111111, 111111 11 11111111111111111111111 11111 111111 111111111111111111 111111ιέ1111 11111111
1111111111111111111111, 111111 11111111 111111111111 11111111 1111111111111111111111111111
11, nant-sak 1111111111 11 111911ς 1111111. 1111 111 1111111111 1111111111111 11111111111111111 1111-

11111111111111111111111111111111, 111111 11111 1 1111111111 1111111111 11111111 111111111111111

11111111 av 1111111111111111111111111111111111111111111 11111 111, 1 1111111111 11 1111111111 11111
’.1111111111111111111111111 ”11,1111111111111211111111 111111“1ὲὲ1“1111111’
111 1111111111 11111 11 11111111 11111. E 111-1111111111 1111111111. 1111111111 1111111111. 11111111-
111 11 111111111111111111111111 11111111111111 111111111111 11111111111111111111 illusorium 11111, 11
1111111111111111111111 111111 1111111111111111111111 1111111111111 11 11111111111111111111111111111
111111111111 1111111111 11. 11111 111111111111111111 [1111111111 11111111111111 111111111111. 11111
1111111, 1 1111111 1111111111 1111111111111 111111111111111111111111111. nem 111111 1111111111 11111-
1111111111111111111111111. 1111111 1111111111111111111111111 11111111111111111 111111111111. 111111
11111111111111111111111111111111 1111111 111111, 11111111111111 administrati& 11111111 1111111111·
111111111111111, 1111 111111. 11111111111111 1111111111 111111111111 11111111 [11111111111111111111111-

1111. 11111111 111 11 11111111111111111111111 11111111111111111 111111111111111111111111,11111111 .

 

