1906.Ι VJ. t. cz. 331966. 3333 11311113ηά3 3333333313 3333333313331. 11

1333333133113 3333113333 3331313331 3 1333333331 3333636133, 3 33313333
3333133331 minden 333336133331333 3 1113333333 3113133331, 3 3611333131-
331 316363 1333133333 33 3 1333333333 11131 3316 1313331333333113316-
33333313313133333 3133, 33333 3 133333331131 311333333333131333333333
136 1-333 1333331331133316.

13313313 133313333 333133131113313, 3 111 1333336133 33 1966. 331 julius
16-13 3163333333 3333 1333311 3163111133 3113133331 3 333133333333
16333333 313333 33313333313131131 3331331311 1613133311333 3311311 33333-
131331133, 3313313 333133111333333333 16633313 vendes 3331331311
1613133311333 33113113313313333 133131 133, 3333 133331 13313331; 3113
3333133 3313161 1363333333 1333131111 33 3113331133 33 1889. 331 11133.
8. 33331333331133333161, 31313333 33 331333, 3 33131333 31333333331333-
'leges 3331331311 166 1313111, 11331313333 33 31133333313333131331 3333131316
3331331 333331 33 33331.ἱ

111333331331 3 3331161313331331 633333 3331331311 13333, 3313313 3
13136 331 julius 16313 3333133 3333333 31333 1313331311 333331 1313333313
13 33 1905. 331 (1333331333 31-3161 3333113316.

3. §- Ez 3 1633333 1113363333 333333 133 1331313133 33 333313331333331 .
3133336313ιί minister 13133111 meg, 3 11 3 1. 1.1311313131333316363
13333333331313331,3333333133 sog 1333133131.

vl. TORVENJffl
az 1966. 3333 1131613336 3313333313 333331331333361.(13

18333331ῑὸ31 33331 111116. 331 junuis 133 1133. 111113331131311 33 «03331333 1633333133») 19116. 331
junius· 11611-33 13131311 1. 3331311333.)

1. ὅ. 13 1966. 331 lv. 1.-33. 1. ,1-313333111363 1333133333 33 113311
1333333331 3333333 3333113311311 3333313133331361 3 333333 133333
33333331 31131 1131113336 13616 13331, 133313133 3 1333333333 3333333
333311331131 13666 16331 333333131313131331, 33333 33 18811. 331 111.
1.-33. 15. 131333 33111311 36113331313331331 1131111333 33 1966. 3333
333333333313111.

2. 5. 11331331 33 31333331331 33 3311333131333133131131111333 333133-
1361 331889. 331 11. 1.-33. 38. 13 3331331333 33 1883, 1881. 33 1883.
331333 33313133 311133161313331 1313331131 131 33 33 1966. 331 16333333
1331313333 33 1966. 331 31161333 16-3161 november 3113133366 1663331

3131113313316 meg.

.---

111 (Α 1633333 33333131313331· 133333. min. 133131313331631. 1 1331136 3133333363 33 333333-
1111133 1113333113 33331 311331113131 3333 33 111116. 331 3131133 111-3161 november 311-113 13313316 11111333,
13333 a 3333331333 3311133333 33333331111331 31613331313131 3111133311133161 13333331. de 3 1333333331
33333331 3333 33 1111111. 33 33333 13333331113333331 33331333131311311333333133 33131133333331 &s 333131-
1311 1313331 1113313133 3333311133 13131 3331313331 33 133333 3311133333.113333333331136131. 3. 131-
33111133 1333333111 1313133363 33 33333331131313111331333. 33313333 33313113331313 33 3 1333333331
31133133133313131313333331133318611. 333111. 1633333311 111.. 11. 33 8. ,13311333 1331311333131-
1333331161 3113311133 3113331 1311311 3333113311331. 13333 az ujonczok 1333331333 333313331313113113-
33133133331313 333· 333333133331-33 minden 31311313 3311111 3133163331133331. (1966 3113133 29. --
8. 33. from: 3113 1333. vadem-bimus. 1966 331333 31-313 86. 33. 331331.) V. 6. 111116
33331. -6111111113311333 313. 33331..33111116.331 333333313131 13313333 33333333133331 (fis 133-
3333331. (11.1. 1131. 1.)

 

