1906:xv1. 1. cz. 111 ὀπὶ-11131111331111111111111. 1. vasula-ol. 155

1315111111 1151111 1151111311--111315111111 1313111 1111115511511111113-
1 3113 1115.
1)3.1.1111111111111111551 m. 111. minister 31 11111 1. ι1-1111111111111
11111111311151111511111111 11511111111111 31 1880. 111111111111
1. §a 1111111111 31 111115551111111 1111111111 11111.

1. fi. 11111 1111115 31 «01111511 1111115111-1131 1311 1111111111
1151111 1151 1111111 1 1151111151111131 1 11111111111111551 &s 5111111551
1111111111111111111 meg.

xvl. 111111111111

1116111-11111111111111 ὃεεῗξίἓέῃῧ.) 1. 111111 1151111511111 111·

(8111111111 15111 1606. 111 11 1111111713. 111111111111111 1906111 «01111531 1111115111
. 11106. ’1111511111111511111111151111111111.)

1. X. X ministerium 3 1135531 1111151 1131113111310111111111111111
1115311115 3 1155111111111131111111111 1111ιὲ11111 3 1355111111 111311 ’

(1111 1111115 11113111111331 131111. min. 1313131111. Α 1115511 111. 1111111311131 0111 1113111-
11111111 111 15511111111111111-11111111111 15511111 1111511111111111111Τ11111111111111,
mistim! 1 01551131 11111 Na 111111-11111111131 1111 1113111 11111115, 11111111 1351111131

11111111111111111111 1113111111 ont] 15 1111111111 111151 111111 111111111111 1111111111 11111 111111

11111 1311113511 111111315111 1115511111. 11111 11155111131 13111 111111-1111111111111111 11111
51111 11111115111115113 15111111115511111 1111111111,11111131111-33551113111111111111111
1111111111111111 1111111111, 1115511115 315 111111, 111551 111151 111111 13111 1 3151111111 111311

1111111111111111111 1111111111 15511111 1111111313 11111111 11115511111.111131111111’111111111111
1111111111 1113131111. 131111 a 111 11111111 1 11111131 111151 11131.1135511111111111111
1111111 13155111111151 11111111111111115511111 {3 1111111111111 1111111113 111111 5111111115
11111113 1111111316 [11531311111111111 1115511111- 1111111 11111111 1 11 511111-111511-111111
1331111 1111111111 1131111 1131111111 1 1111111111 111111 111111 1111111111111111111111 111513 111111-
11111,135511111111111 111 11131111 1 1111115111 1111111 1111111111ιί. Λ 1111111 11161111-11131-
11111111 1111111 1111111111111 111111111111 1111111111 1115511131 13111 1111111111115151111111 11151111-
Ροὶίῗὶ3ῗ31ιιοῖἰέιιιῑὲΐὲιιῗ11 3111111 1111511511 1111311111 1111113111111111115511 1111151 1111111131110111
6111111111 11511113 1 115111311111111111111111 11111111111311551111111113111111111111115-
herti 131111111115111Ξ111115 gs 11111 1 1155111311 1113111111111111111111 1111111111111311 1111-
1111115531 1111151 1111111311111 1113111111111 1111111115 1111111111 111311 11111111111111111 1
1111111111111111 1313131 11111115 11111111 1311111 1151111111 11Ιὸ 111111 111111 11111 1131111’6
1111111111. stabvfinyos 1111111131 1111111111 1111111 111111111111131 11111111111151 1 1111111·
,11111111151111 111111111111111151 1111111511 1111111113 1111111 1113111111111 1115. Α le agyobb
1111111111, 1111111 1111 10113-1111,3111531313131 1151111111) 1111111111 5111151 15111 5111511 00111111-
ben 111511111ηὲ1 1115. Α 11151311111111111 13611115111111 111511 1111111111115511111111111131111-
11111111111115 111111 111111 1115111131 1115111111111,11ο55 151115111111111 611111135131111 115-
111111111111111,1111111ἓί11111111111111111111111111111119111111
11111111 1131111111 11111111 1 11111 11111313 11111111 Β31111111111111 155 1111111131 111151 111111
vasu& 1111511111 1111111111 [31511111 11111111 1111111 155 1115111ιί 1111515111 1511111111 131111113Ιό
013111111111111111111. 11151111111511155111111511531111111 nem 1111111111111111, 1111111 1 11131-
111 1 1111115111531111131111 11111111111111111 111111111111·«1511111 nem 11111111111.111155111111
1113111111111111111111113111111111 11315111111151113111111551111 1111111111 1 1151111111
virosi 111111 11511 1111315111ωηί 1 1111115111-11111111311111 1111111111, 3 1111151111 511115 1
11111351111-1111 11111111 1111111 1111115131111 31111115131511111 bes-menese 111111151111111111, 11
5111551151111115111ἃ1111115111131 11111 131111111151151 1111 1113111115 11 1111111 1111 1111111111
1111 110111 een.

lX 11151 111111 11111 1115115111 15111111111111111113111111 1111516110001313111111. 115511 51151-
1111111111111111 178611 1111111111 111151111111111115, 111115 11111111[11511111111111111111111111111
188000 111113, tendes 1111111115) 1151111111 10000 131311, 115111 1 1111111 1111 1111111 1111111111

 

