110 ·1906.·xl1!. t. cz. A mocsolAd—-siosoki 1. A. 1111111111.

11111111 11111111 1 11111111 1111111 1111111101110 deli 11111111-
11111111 811111 11110111131111111111 1. 1. 11111011 1880. 1νί 11111111
11 1888. 111 111. 111111111111111 1111111 111111111111111111111111111111.

2 1. A kereskedelemfigyi minister 11 11111 1111111111 11111010 111111

11111111111111111111 11111011111111111111111. 1111111111 1 1111101111 1111101111 1111111101
1101111011 11 1111111111 11311111. 11111 11111111 1111111 1 111γί 1111111 1110110111111111
11111110 1 11 ὅ 11111111 11111 11100111111111111111. 2111 1111 1111111011 1111 11111111 11111111
1111111111111111111111111111 011111 1 11111111 1 11111111 111111131111111111111111111111 1111111001-
1111111111111011 1111111111, 1111011 1 1111 1901. 11111 11111111110011111111111111 1111111111 11111-
gesebb hatArozmAnyail 111011111111110111111111 1111110111.

11. 11101111011011 1111111 111111]ιί 11110111 1111111100, 75 1111111111 1111111111 1111111111
1111011111111111111 111γί 1111111 11110 1111- 11 11111111111111 111110 1111111111 11, 11111 1111
1 gfizmozdonynyal 1110110 1111111 1111111111 10, 1 1111110111 1111111 pedig A) 111. leg·
1181111 01111111111111ἷ11 1111111111111111. A 1111111111 1111111111, 111101 1111 15011111, 1
111111111111113111111 111111111111111111110 11111 250 1111011111 1111100111 1111111101-
111111111111 11111111 230 11. 11111 1111111111 fii 111 11111111 111111111111 1111110111 11111
111100111111111111111111111, hog 1111111110101 111. 1011111011 1110 1111110010-
111111111111 1000 ζει-11 1111 11 1111111111. A 11. 111. 1111. deli 11111111 11111111 111111, 1
11111111-1111111111, halyn 1111111 11110 1111111111, 1111111111 a 11. 111. 1111111111101 1111111111
1111111111 11 su· helyi 1111111 1111111111011111111011111111 1111111 1111111 1111111111 111111 11111-
1111111110111101111111 11110011111111111111111111111111111111 fij 1111111111 1101101101
1. 1111111 11111111 11111111 200 11. 11111111, 2. 1111111 1111111 11111111 200 11,111111111ι,3.’111111-
11110111111111111111200 11.111111111,1.11111(1 0111111111 305 11.111111111,1.01111111111111
11111111 200 111. 1111111100. 111111111111111 11111111 200 111. 11111111, ’1, ’111 111111101130511.
11111111, 8. BAbony-Megyer 11111111 11111111 20011. 1111111111. 9. 8111-01111111111111111111 200 11.
11111111, 10. 11111111 11111111 290 m. 11111111, 11. 1111 1111111 11111111 200 11. 11111111.

A helyi 1111111111111111111311 &paesi 11 11111111111111111 111111 [11111111111111111111 ’12870 11-
1111, 11111111 111111320000 1111111111011101111111 ;111111111111111 11111111ιί 11111111 111111-
111111300000 111111, tendes 0101111111 1111111111 110000 111111,111111111111111 1111101110 1111-
3111 1ιίΙὸ1 010111111111111111 pedig 21000 111111 111110110111111 1111111, 11 11211000 11111-
111 ἰ 111111 0101111111 1111111161, 1150000 1111111γί rondes 0101111111 11111111ἇο111 1111111011
11111 11111111 11111010 1111111111 1111111111111 oly 1101110011 1111110 1111011111 1111111311

0101111111111111111011110111111111111ςί 1111111111 1111111011 1111111111 1111110 1111011111,
111101111111111111111111101111111111111111111,1110120000 1111111111 1111111111 1111111 11 11111-
11111111111 111135011111111111111 1811000 A 0111111111111101111 0111131500οθ 11 11111111
1801111111110111 1111100011 111110101111111111 1111111111 1111110111 111111 1111111 1111111101.

111802000111111 011111111111111 1111110111 1111111111 1111111111 11111111111111111111111111
11111110 Somog 1110111111111111700000 111111, 1 munimenti 11111110 11111111 11111111 111111
11111111 100. Κ 11111111111111111100110.

Τ111111 111888. 1νί lv. 111111111111 A. 11 7. §·ai alaijn ugyancsak megfele16 111111111111111-
1111111111 1111111111 1 1111111110111111111111111111111111111101011τ a) 1110111110111 1001111111 1
’1119011211ὴῖ ““1“’1“’ ἰ’11111111101111618 1111310 11011110000·
Ξεξὲγῗίιζὲἒὲξ {gam} ἱξίιξΐςνίξξὲἒῑ 1111111Ι 'adomi'nytssbelegffgisakffl &fin At' 1111101111 1110 ἓξίχῗέοῗὲξιι,
111ιὶς11ἕ1111..1115111111011110ιὲ11111ι 11 Θ1151011111ξὲἰὲ ἳξὲζέιιι. Ι11 111131111111ὲ81ἓ11011ἶ11ἶ1ἷ1111ῗ61 111ᾗ1έ1 wigg-
1111111051(111-61ιὸ,1101ἕ11ἶι,1181ιῖ11111θ 1111υέ115οι111111ῑὲ15111111 811111111111111111ιῇ1111 1100111111ζὲιί 111111ῗὲιῖ
111111111111111111 11000001309.11110-1-131.011(1·-ι1.827,11110 11 11111111 11111. 1 1110 1811200011
ῐὸηε11111110111111 11111 mindig hiAnyzb 311000 K 1111111111, 1111111111 1111 1111110 11111111. Α 111νί-
111111 11111 11111111 111. 111. 1011101101 1 11101 11111111111111111111111011 111 11111111111111111.
1111111111111011111111111111111111 1110110011 1111111111 11111110111111111 111111110111111111-
1111111 1111101111, 1111111 1111. 111. 111111111110111111 1111111 1101111111 1111110111111111111111111
111111111101111111111111111111101.111111111111 11111111 1111 1111111111 meg ,11111111 111111
1111110 1111011111 11111 1111101111 1111110 11111111, 11011111111111 1111111111111111111 1111111-
111111. - (1906111. 111111. 1111111010 11111111111111111 11 1000111111. 18. 000οἰ1. 11. 1111.
11111.ῑ1101111111(1011111,1’.1120.). ¹ . . . Ι Ι

Α 11111. 111111111111111· 1111011111111111· 1101011110. Α 11111111111111 11110111, 1111111011
1111 1110111101, 11111 1 11111110 1111111111 11111111 11110111 111. 111. 111111111110111111111-
Auraei 1111111111111111111 111111 111111011111111 1111111111 11 111111 111Ιί 11111111 1111111111
111111111111111111 3111111111111111 111-11ῗῖ31ἳῖ11301111”ῗὲ1ἒ1ὲ1ἱ11““11
111ιῖ1 111111 111110 01110111111111111111. 11 111111 1111 11111ιό11111 0111111110 1 1111101111 0111-
1111111111111111 1111, 1111111111111111111, hogy 11 1111111 0111101111 11111111 11111 1111111111 11
111111111ςί 1111111 11111111 1111111 0111111010. - (1906. 13011. 111111.,· 1111011101111111111
1111111. 1111111111111 1111111111.)

 

