1906 : V. 1. cz. 111905. 101 1110110101 11109011111111111111. 15

1111010111 11111110110111101 1111 01010111111101111. O 1011110 0111011111
1111111111 01111110 1111011 11110 0111111 103100 111100, 1 0111111 1111111
1011101111 011 010101110110111101111 11100 1111011 1111ρί1011 001;11
1906. 11 1111111 1011101111.

111111 1110101101 11 11111 1011001001 1011101111 0011111111οο
103100 11111111010101111111011111, 11 1889.1’1111’1.1.-01. 11. 1-1111
0111 1010110110 11110011 11 19011.1111001001101 31111 10111110111011
1101101110 0011001101 1111111111, 10111111010111 01111111111905. 11
1906, 1101 0101001110 1111111-1111011 11016 111111 111010111111101111111-
111111.

11 110101111110111111 1111010110111111111 11 1906. 1101 1111101011
111110 1001111 00111111111111 111111 01111 1906. 111 10101111101111111111111-
11111111101101110111111 0011111110 011.

2. 5. Ennek 1 1111111101 1 1111011111111111 1 10111101011111111110·

1111111111 meg, a 11 01 111111 1 11111 1111110111110101 01101111110111111-
0 .

v. TORVENYfflffl

11 1905. 0110101101011 00011111131111110

1111110111όο 11111 19011. 111 junius 1111 910. 11111110110111 11 1011111101 ’1111111110 19611 111
junius 1119-111 11111011 1. 1110111111.)

11111100. 111 lv. 1.-01. 1. 1-1111111111111 11111010111111111-
1011011110 010111 0011111100 1101011101101101 1 011111 101011

0 01111111,111110101111111111111 1011111111ῑό 1110111101 011111101111111111111 1101111 1111111 11 11110
111ᾞο1011011 1 1100101101 1 1111111111 101111011111 1010111011 1011111311ιο1 111010111111111111110,
1101111 0100110010 0111111111111111111 1111110000. 11 1811111111. 1.-01. 11. §-a 11 111011111101001
111 0110 1111111011 meg. Ezen 1111111111 11. 1891, 11 11111111 101111111101011111111111 1111111101 111-
1111010 11111Ι 11101111111111011 1110110 111111 1111000011) 1111111111. 11111 1111011ιό1101 011111011-
11111 1111111111 1101101111. 111110-111 1011110 1111111111 10110111111101011111110 11111111 1111111111 11
188911111111. 11. 1-101111111111111111 1111101111 101111011οά11. 11 1910011111111111111111
1011 1011111111, 01111 1 11111111 1111111111 111111110110111111111111111 1 1111011011 1111111111 111111
11111111 0110111111 11101111111111110111111111 111 1100 101111101. 111111111οι111 1 11111111 1111 som 11110100.
,1111101011110110011011111111 10111111 1101111111 1 1111111111 0111100101 11111011 11111 10101111111111,
1011111101 1111111111 1111111 1111101111 1011 101 1111111011111. 11011 1111111 111111111111111011111011
110101 1111111111οη0 1 maga 011 11111111110111101111 1111111101 01 0111111 11111 111111101111111 111111-
1110111 11111 1111100110 1 101011111111111 011111 1111011111 111011 11, - 11 idei 1111011101011001-
111111101111101011 111111 11 0111111 101111. A 1111011111 1111111 11111 nem 111111 1 1011111111 111011111-
11101 0111111111 011 1111111010 1111111011 (as 10111110111011101111111. 110111 1 11101111011111101
111111111161101111 ozon 0111011111 1 1111111111111 1905111 11111111 111 11-11101101111011 1111111110
10111111 1111 1111110001 1111010110 nem 1101111101 az 111101000011111011110111011111101110011-
111011111111111111011. - 1 1100101101 1011010111 11111111 101 11110111011111101111111111111111
1110111101, 110111 1111111 111110 1111111111111011110111 11101, 1111111. 1.-01111111111 1011111 s 1 1011111111
1110111 1011111101 0111111011 1111101101111111111111010111. (1906 01111111 31. - 75. 11. 110111.)
11101 11101111 101111101111101 1101111. 11101. 0110101010.) 11111111 1111101111 11 11111011111111,
1111101111 1 1101111111111111111131111111111111 111 11011111111111101 1,·1111111111111111111 1 0111111 11101-
01011111 1111111111111011111111 11111111110111111889. 111 vl. 1101010111 11. 11 1110110 1111111111-
111100 is benfoglalt 11111111 0111011110 11111 111101 111110110111 011, 1111111111 11 1110011101111101111 11
01111 1111111 1111 110111111111111111111111. 111011101111111011111111111111111 11 19011. 1111111111 11111
0111111111. 11101111 1011111111 111111 011 11111111 111111111111111101 1111110110 be. 0101 11111111-
1110111111100011111111101 1111111111 111111 1111111111 01111111111111011 11 00111111111011111011-
10110111111111101111 1111101111 10111 1111101111 101111101111001 1101011111 1011111000 011-
10111 11111111110111111 11111111101101111 111111 1111101111 11 1 1111111100ιο 1001111111 1
111111111101001011111111111 1111111111111 111 1110111111111111 110111 111110110111111111 11101011111111
1110011111, azaz 11 11011111111110 0111111010 111111 11011111001111101111111111111 0111111000

 

