’ sabb 1111111111, 1 1111 1111111 11111111 111 111111111ςί 1111111111 11

1006 .· XXIII. 111. A 11111111· 111111 1111111111. 1111111111. 1111111. 181

1111 111111 1111111111111 11111111 1111111111 1111111111 1
1111111111111111 1111111111111111111 11111111 1111111)

1111111500011111111 11111 11111111111111 30 11111111 1111111111 meg. Α 11111 11111 1111111111
111111111111111,111111111111111111111111, 11 111 1111111 1 1111111111111 11111 1111111111
1111111111 111111 111111. 1 111111111 111111111111111111111111110111111111111111111 A 111111-
1111111111 111111111111111 1111111111 11111111 1881111111. 1.-11111111 1111111 111 1111111111
111111111113.1-111111111111111111 1111111111 111 1111111111 1111111111 1111111111 1111111
1111, 1111111 1111 11111111 111 1111111111 11, 11111111 111110 11111 1111111 111111, 1111111
1 11111111 11111111 1111111111 Ι 11111111111111, 11111111 111111 1 111111111111111 11111111
1111111 11 1111111111, 11111111 10 111111, 1111111111111111 1111111111111, 1111111111111111-
1111111111111111 11111111111111111111111 1111. 1111111111, 111 11 1 111111111111111»
111111111111111111 11 1111111111 11111,11111111111111111111 1 1111111111 11111
1111 1111111111 1 pen 11111111111111 11111111,1111111111111111111111111111 1111111111111 1111-
111111 1111 1111111111111111. 111111 1111111 1111111111 1111111111 1111111111111 1111111, 1111-
1111 111 1111111111 11111 11 1111111111 1111 1111111111111111,111111111111111 111111, 111111-
11111111111111111 1111111111111111111·,-11111
111111111111 111111111120101111111111111111111111111111111111111111111 1100011111111

11111 11111 1111111111 11111111 i 11111 111 1111111 1111111. Δ 1111111111 111111111111111111

1111111111111111111111 111111111111 111 1111111111 111111 ,n gyakorInthan van, 111 111 111

1111111111111111111111111111111111 1111111111. 1111 111 11111111-111 11111111 111-

1111111111111111111111111 111111111111111 11111111111111111111111 11111111 10 11111111 111 1111

111. 1111111111- 1111 111111111111111111 1111111 11111 111111111111111, 1111131 11111 n.
11,

1111111111111111111 111111 11111 1111111111, 111 11111 1111111 111 11111 1111111 1111111

111111111111111111111111111111111111111111111111111111ιὸ 1111111111. 1111 11111111111111
111111111111 11111111111111111111111 111111 11111111 1111111111 1111 11111, 11111111111111111
1111111111 1111111111 111111 birni s 11 11111111111111111111111111 111111 1111111111111111. 01
1111111111111111 1111111 nnn is volnn 11111111, 1111 11 11111111 1111111 1111111111111111111
11111 11111111, 1111 111111111 1111111 1111111111 11111. 1 111111111301111111 1111111111111111-
1111111111111111111 11111, s 1111 1111111111 115000 1111111111111111111111,1111111 11 1 11
1111111 111111111111 1111111 1 1111111111 1111111111 11111111111111, 1111111 1111, 11111 111111 1
111111111111111,1111111111111000 11111111111111 11 11, 1111111111 1111111 1111111 1111
111111111111111111111111100 11111111111111111111111 30 11111 11111111 1111111, noha Ignn
,111 1111111 11011111111111111 151111111111111111111 11110, 111 1111111 111111111111111111
11111111111111111111111111111). 01 111 11111111 11111 11111111 11111111111111111111, s 11111
11111111 100 1111111111 11111111 1111111111, 1111111, 11111111111111111 1111111111111111111111
11111111111111 11111111 1111111 1111 03 11111111 tenneli, 011 1111111111 111111111111111, 111111
1111111111 11111 1111111111 111111 1111111111 111 1111111111. 11131111111111 11 1111111111
11111111 1111111111ιί 1111111111111 1111 1111111 1111111, 01130 1111111, 1111111111111 meg, 1111111
1111111111111111111 1 1111111111 1111111 1111111111 1 1000 1111111111 1111 1111 [nni 11111111-
1111111111111111 11111111. 111 11 1 1111111111111111111111 11111111 111111111111 1111111111 111.
11111 11111111 azoni 11111111111111111111111, 1111 11111111 1111111,1 11111 111111Ιί11 11111 11111111
11111111111111111111,11111111111111111111111,1111111111
1111111111 111111, 111111 11111 1111111111111111111 is. 1 111111111111111111 1 111111111111111111111-
11111111111111111111111111111111ιί 1111111111 1111111 11111 111 11. 11111 111111111111111
1 111111111111111 11111111 111 1111111111 1111 1 11111111111 11111111, 11111 1111111111111111111.
111111 11111111 111111. 111111 11111111111111111111111111 11111 11111111111111111111111 111111-
111111111 1111, 11111111 1 1111111111111111111111,1111111 111111 11111111111111110111111111111.
,11111 forgnlnnn 1111111111111111111111111 1 1111111111 1111111111 1111111111. 8111111111 11111111
1111111111 11111111111111111111 1800111 111111 1111111111πί 1111111111 11111111111111111111-
11111 11111111 tenni, hog 1111111111 1111111111 11111111111111111111111111111111111111111111111
11111111 111111111ιό1 s 1111 1 1111111111ιό 1111111111 1111111111 1111111111 1111111111 11 111111-
11111111111111111 1111111111. 111111 1111111ιό 111111111111 1 II. 1111111 6. 111111111111
11 11111111. An 111111 11 111111111111111 111111111111111111111 111111, 11111111 111 11111, 11
1 1111111111ῑὸ 1111111 11111 1111111111111 11111111111111111111111 1111111111 1111 11111111
11111111,1111111111111111111111 1111. [11111111 1111111111 is 1111111, 1 1111111111 11 1111
1111111111111111111111111 1111111111 11111111 1111111111 1111111111 11111111111111 1111 11111111-
111 1111111 111111111111111 1111111111 111, 11111 1111111 111111111 1 1111111111 1111111111111 111111 1-
1111 11111111. 1111111111 111, 1 1111 1111111 111 1111111 is 11111111, 11 11111111 1111111111
1111111111111111111111111111111111 111111111111111,1111]1 11111 11111 1111111 111 111, 1111
1111111 11111111111111111111111, 1111 1111111111 1111 11111111111111 11 az 1111111111111111111
11111111 1111111111111111 1111111 1111111111,11111 11111111111111111111111111111111111 11
11111111111111111111 1111111 11111 1111111111111 1111111111 'a 11111 11111111 11111111111111. 01 111
1111111, 111111 az 1111111, 1 11111111111111 11111111111111 11111111 11111 11111111111111 1111111,
111111111111111111111 1111111 11111111 1111111111 1111111

nvn 11 1 15. 11111111, 1 nonai forgnlonnra 111111111111111111111111111111 11111111(

 

