118 1906 ; X. t. cz. anztiyyi 1111111111 1111111-811111111111911111.

11111111 1111111 111111111111111111111 uj penzfigyi 111111111111111111.
Ε111 1111111111 O 11111111 &s aposloli 1111111 1111131 1111 is 11111-

1111111111 111111111111111 meg. 11111111111111 111111111111111111111111 11111111 1111111111 111111
1111111111 111 1 1111111111 11111111 1111111. hogy 1 11111γὸ 1111111111 1111111 11111111111111
11111111111111ὶ11 1111111111 Ηο1111-51111ὀ111111111111111111111, 111111 11111111 111111111111111111111
11 1111 111111.

1111111111111111111111 1111111 111111 1111111111 [1111111111111. 1 11111 1111111Η11111-8111111-
11111111 1111111111 111111111111111111 s 1111111111 1 111111 11111111 11111111111111111111.11111
1111111111111111111111111111111111111 elsa 11111111111111 1111111111 s eddig is 111111111111111-
11111111 11111111111, 1111 1111111-81111111111111111111111111111111111111111111111111111111.
111111111111111 1111 11111111 11111111 111111»Ι 11111111111111111111111. 1 1111111111111111-8111-
1111111111 a 1111111111111 11111111 111111111 1111111,1 111111111151 11111111. S 11111 1111111111
14011111 1111111111 11111111111111111 11 11111111 1111111111 111111111ιὸ 11111111. 1111111,
11111111111 11111111111111111 111 1115111 1111111111 11111111111111111111151 11111111, 1 11111111
1111111-111111111111111 mnis 11111111 11111111 s 111111111111111111 11111111»Ι 1111611111 1111111111-
1111111111116. 1111111 1111111111 1111111 1111111111, 11111 111111-81111111111111111111111111111111
111111 111111111111111 1111111111 1111111111111, 1 1111111111 1111111111 1111111 11111111111111111
1111111111111 [1111111111 s 1 1111111111111 111111111111111 1111111111111 1111111111 1111111111111.
111111111111111 111111111111111111111 111111111111 111111111111111111111111 1111111111ᾳῖ
11111111111111 11 1111 111111111111111111111111111 11111113 1111111111 1111111111111 1111111111
111111 1111111111111.11111111 511-111ς 11 1 11111111 1111111111 1111111111 1111111. 11111111 1111111-
111 1111, 1111111 1111111111 111111 11111111 [1111111111 1111111111 1111111111 111111111111111
1311111 1111 1111111. 1111111111 1 11111 1111111111 1111111111. Ezt 1 1111111111111 111111111111111
11111. 1111 11111, 1111111111111111111111111111111111111111111111111 1111111111111111111111111
11111111111111 11111111 1111111111 11Ιό 11111111111111111111111111, 1 1111111111111111111111111111
1111111111111111 s 1111 111111111τὸ1. 1111111111 s 1111111111ςί 11111111111111111111111 111 111111
11111111 1111111111 is 1111111111.

A 11111111111111111111, 11111111 1111111111 11111111111111111 1131111111, 19111. 1111111111-111
1111111 1111111111111111111111. 11111111 1111111 1111111 1111111Ιὸ511 11111 1. ,1-1 111111111111111-
sen 11111111111111 111111111111111ς111111111111111111111111111111 111111111111111111111111-
11111. 1111111 jelen 111111111111111111111111111111, hogy 1111111-5111111111111111113111111ςί
1111111111 1111111 11111111111111111111111111 111111111111111111 (my, 1111111111 1111111111·

1111111 1111111 111111111111 111111 1111111 11111111, 111111Ι 1111111111111111 ρ111ἱ111111111111111·

¹*os 111111111111111111111τό111111111111111111 1111 11111111 1111111111 nagyo 1 11111111111111-
111. 11111 1111111111 igazgatasnnk 1111111 11111111111111111 11111111111111111111,

111 1111111111 az 1111111111 11111111 1111111 11111111111111111 111111 1 1111111111 11111
11111111111111 1111111 1111 111111111111111111 1111111111111111111 11111111 1111111 1111111111
ἱ11111111111111Ι 1111111111, 11111111 111111111111 1111111111 1 11111111111111 (es 1 1111111111111 1
11111111 1111111111 1111111111 111111111111 1111111111, 1 1111111113 11111111111111 1111111 111111-
111111111. 111111111111111111111 1111111111 111111. 111111 11111111111111111111 1111111111111, 1
11111111 111111111111111 111111111111111,1111111 1111111111.

11. Α 1111111-11111111 1111111111 11111111 .· ,1 11111111111199111111 11111111111111911111111-
111911111. A Magyarorszag 1111111111-8111111-111111111111ςώ111 1111111 11189-111 1111111111 11111-
11111 111111111111 1891. 11 1111111 11111111. 1 1111111111111111111111 1111111-5111111-11 1111111-
11111111 1111111111111 11111111111111111 1111111111111111111111111111111111111111111113111111
1111111--1111111 1111111111 111111, 1111111111 1111111111 111111111111 1111111 11111111 11111111111
· 1111111111 11111111-111111 1111111111111 1111111 11111 1111111111 111111. 111 1111111113-11.
1111111111111111 1111 1111111111 11111111111111 111111111111111111111111111 1111111 11111111
11111111111111 (11111111. Ez 11 1111111111111111111 1111111111111 11 1111 1111111111, senem 11111-
11111111111111 11111 1111111111111, 11111 tigy 1111111111111. mint 1111111-5111111-1101111111111111
1111111111111 1111111111 111111111111111, 1111111-5111111-111111111111111111 111111111111111119111.
1111111111111111111111111111111 1111111111 1111111111,1111111111111111111111111 1111111111
1111111. 11111 111111111111 11111111 111111111111 111111 1111111111 [1111111111111111111111. 11111
11511111 1111111111 111111 11111111 111111111111111 1111111-1111111-1111111111111111111111111111111
11191111111111. 11111 1111111 111211 111111 1111. 111 1111111111,1111111111111111118111
111111111111111111111111 1111111111111 111111111Ιρ1 1111111 11111111111111111111 1111111511,
11111111111111111 11111111111111 111111111111 11111111111111111, 11111 1111111111 1111111111·
aava 1 1 1111111111 1111111111 11111111111 Η11111-ὃ111111- 11 11111111111111111 orszfiggyfllhsbnek
11111111Κ11111111111. hogy 11111111111111111111111111111111 1111111111 1311111111111111111111, 11
eddi 111111111111111111, 111111 1111111111 111111111111.11111111111111111111111111111111111111
1111111181. (XXX.) 111-111 1111111111111111, 1111111111 11111 11.. 11. (es 13. 1111111111
ο 1111 11111111.

“1¹51 jdgeu 1-11. 11, Ι11111111 1111111 1111111-8111111-11 1111111111111 1111111111111 1111111111
1111111111 1 11111111111111111111111, 11111 13. 1111111111 1111111, hogy 1111111-511111111111311
1111111111111111 1111111111Ιό11 11111111 {issu-g. mely 11111111 1111111111111111111111111111111111111-
11111111,1 111111111111111. 11111111 111111111111111 111111 1111111 1111111111, 1111111111
1111111111 11111 11111111 1111111111 1111111111111 11 11111111111111111111-11811111111111111-

 

