23

1118911011100. 1. 1101111111.

V. 0. 19011111. 17. 1111001 11 V. 11. 11111. 111110111111 helyas 1111111111111111101 1111111-
1111 11111101111111101 11111 111111111101110 1111101111 11011101 11.1.111.); 1900 111. 17.
11101011. 1111111.. 11 11111311 1111101111111101 (R. ’1. 1071.); 191111 111. 10. 1181139. 11. B. 11.
11 1. fl. 11111, 11 1111111 11111011111101 11010 18911 xxxm. 1-11. 1111111111101 11111111 1901. 111
mvl 1-1111111111111111111131. (1111111111 1007. 111.1.); 1000. 111 80000. 11. Β. 11. rond„ 111-
11111 11 1111111 1110011111111111111111. 1011111111. 11011 1906. 18. 11.); 1000. 111. 111. 1111010. 11.
11 Ι. 11111.. 11 1001111111. 111. 111111ῐὸ1111110) (u. o.).

111801111111101. 1. cz. 10. 1-11111.

V. 0. 1900111 12. 1111500. Β. 11. 11111, 1111111111 1111111111οί 1110111111 1110 1111101111111101
111111111111111111111111111111Μ 1.111011900111.1011,818..11. 1. 111111. 11907. 1110111111·
1101111) 103.)

11189111101110. 1. 11. 18. 1129. 11111111.

V. 0. 1900111 1111111000. 11. 1. 11. tend.. ahizussagkfiwst 111111010011101111111) 1 11111-
11110111111 10110111110111 1111). 111111 1113111111 111111111 11111 11 1801 : mm. 1-11. 00.
1101. 1-1111 11131111111111, 11). (1910011111. 11111. 11. 11.)

111111111101. 1. 11. 27. 1111111.
111111ξ.1111111111011110111101111101111111111 11111111 11111011111111 101111 1011111110 111.

1111111 11131, v. 0. 1906. 111. 101 11000. 11. 1. 11. 11111111 (1906. 15111. 11011. 11. 11.)

Az 1801110111Ιο. 1. 11. 37. 1119. 11111111.

10. 1901111115. 11817. 11. 1. 11. tend„ 1 polg. 10111111101111 1101110110 111111111111
1011111111 11111111111111 1011111110 11). 11111. 80001900. 11. B. 11. 1111111111 1011111 11111. (1900
1311111011. 390.)

ΔΖ 181111111111011. 1. ez. 11111111ιὶ
V. 1. 1900111111. 101100. 11. 1. 11. 11111111 1 11111111 1111111111, 1111101111 11 11111011111111·

11111090013111 11011. 11. 11. 1111111111)

11 1894100010. 1. 1100. 1101. 111111.

. V. 0. 1000111 1111111. 11. 1. 11. 1111..11111111ς101111 1111111110 1111111111 11111 11111-Ι
1151011111)111111011111110111111111).11111111111111101111111111111111 1091111110. 1.-11. 00.
1111. 1-1111 111111111111111). (1900. 11111. 11011. 11. 11)

111891100100. 1. 11. (17. es 71. minoz.
1111111111 1111101110 1111111111 11111111 1111111111 1111111110 11101 111111111111011. 0. 1900

111 1111001111. 1111111. 1v. (lgm. 11011. 11. 11.)

Az 1801100100. 1. 11. 75. 111111.
10.1901111110.100,“180.11.11.1111111.. 11111111 1111101111 1111111111, 11111111 1111111111 ·

1111111111 111111111111 11111110 11111111110111 az 111110 11111111 1111111111 11111111111101. (11.
Τ. 1006.)

1118911011100. 1. ez. 79. 111111.
10. 1900111 10080011. 1111. 01111111. 11111.,11111111111111111111111011111111111 1111

1111101111, 11111111111111111 11)·1101111111101 11111 1011111110 1111111111 1111111111 1111111111 1111--
1111111111 11131. (1906. lgm. 11111. 100.)

 

