96 1906: V. 111. 1111905. 111111111111111191111111111111.

11111111 11111 1111111111 11011 111111, 1111111 1 1111111111 1111111
1151111ρί11 11100 111111 11111111111111111, 11111 11 1889111111.
1.-11. 11. §dhan 11111111 11111111111111111 1111111111 11 1901. 1111
11111111 11111111111111. ·

11. Ezeknek 111111111111111 1111111111111111111 11111111111 1111-
11111 11 1889. 111 Vl. 1.·11. 38. 5-1 1111111111111881., 188111
1881. 11111 11111111 111111111111111 11111111 111 11 11 1905. 1111
1111111111 1111111111 11111111111111906111 1111111111-111 julius 111-111
(1111111111 1111- 11 11111111111111111 1906. 111 junius 11-11111111111-11)
1111111 11111111111111111111 meg.
’ 111 11111111111111111111111,1131151111111111111111 1 1111111111
1111111111111111, 1111111111 11 1889. 111 Vl. 1.-11. 1111111811-11111
1111111111111111111111111, 1 11111111111111111111111 1111111111

11 111111111111111 11111111 11 111111111111111111111111 11111 11 egyes
111111111111111 11 1901. 111 11111111 1111111111 11111111 111 1901.
111 1111111111 1-1111 1901. 111 1111111111 311111 11111111 1111111111 111-

1111211111111111111111111111111111111[011111111111131111111111111111111·
1111111111111111111111111 11 18811. 111 1111111111115. 1-11111111111 11111 mint 11111 1111111
111111111111,1111111 1111111 1 [11111111111111 1111111111111111. 1111 1111111111111111111-
1111111 11111111 11111 111111111111111111 1901. 111 junius 11-1111 julius 111111 1111111 111111, hogy
11 1111111111 111 1111111111 1-111 1111111111111111 11 1111111 11 1888. 111 111111. 111111111ιί111 1111-
1111111111111111111111111111111111111111111111111111111111111111111111111111 “f
1111111111111 1111111111 111111111111111111111111111111 18811. 111111. 1111111111111 &effi
11 8. 5111111 11111111 11111111111111111 1111111111 11111111 1111111 1111111111, 111111 11 1111111111 1111-
111111111111111111111111 111 1111111111 1-11 1111111 1111111 1111111111111111111111111. ξ.
negyedik 1111111111 1111111 11111 1111111111111111111111, 111111 11111 111111111111111111111. 11111 1111-
1111 111111111111111111 11111111111111111111111 111111111111111111111 1111111111ὲεί 111111111111111 1111-
111111111 11111111 1111111111 111111111111111111 111111 nem 11111111. 111 1111111111111 11111 11-
1111111111111111111111111111111111. 1111111 11 1889.1’111”1.111111,11111111 11-111111111111111111111
1111311111 1111111111 11 111111111131-111111111111111, 1 111111111111111111 1111111111113 11111111.
111111 111111 1111111111 1111111111 11111 1909. 111 11111111113111. 1 11111111111111111111111111

1111111111 1908. 111 111111111131-111 1111111111 1 1111111111 111111111111 11111111111111111111111
11111 1111111·11111’1111111111.111 11111111
11111111111111111111111111.11 1111ζ γ111111111111 111 1111111111 11111· 11111110111111811111111905111111111-
11111111 111111111111111111 11111111 1111111111111111111111 111 az 111011. 11 1111111111111111111111111111111.
(190111111129. - 111. arom.)

1 Α 11111111111111 111111111111111111191111111111111111111.1 111 11111111111111 1111111111111111111111111111·
1111111111 1111111111 1111111111111111111111111 11111111 1111111111 1111111111 1111111111111111111 11111
111111111111111111111111111 1111 111111111111111 11111 11111111111111111 is. 1 111111111111111111111111
11111111 1111 1111111111111111, 11111 - 11 111111 1111111111 1111111111- 1111111111111 11 1111111111
11111111111111. 1111111111111111111111111111111111111111111111111111111Ι 1111 1111111111 111 11111111-
111111111111111. 1 11111111 1111111111111111111111111111111111111 11 111111111111111111111111111111111111
11116111111111 12531111ἑ1111111111111111111111’1111111111111 11ἰ11111ό1 1111111ῤ1ἁ111,11111ἰ1111111.Ι 11ἐί 111111111111
1111111111111111111111111111111111111111111111111115 1111111111 11111111111111. 11111111 Γ11 1111111.5111·1311ι1’111.θ11111
111111Ἤ1111111111311111 111111111111111 1111111111 11 a 1111111111111111111 111111111111111111111111 11111111-
11111111111111111111111111111111111,ι,111111111111111111111111111111111111
1111111111. A Javaslat 2. 111111 1111 1111111111 1 1111111111 11111111, 1111111111 11111111-
Ι11111111111111111111- 11 1111111111 11111 1111111 1111111111 1111111111, 1111111111 1111111111. 111111111-
1181111111111111111111111111111, 11111111119111111111111 11-1111111111 11-111 11111111111111111111
11111111 meg. 1111111 aton 11111111111111 1111 111111·111111, 111111 1 1111111111 111 1111111111 11 111-
1111111111111111111111111111111111 11111111111111 1111111111111 11 11181. 11111 1111-
11111111111111111111111 111111111111111111111111111111 11111111 1111111111 11111 1 1111111111 1 1111111111
11111111 11 111111111111111 111111111111111111 11 1111111111. 1111 11 1881. 11111111111111111111111-
ἒ1ᾞ11111111161111111111131111111111111111111 111111 1111111111 1111111111 1111111111. (1901 11111111

1.- ,11111111

 

