1906: VII. 1. cz. 11111111111111111111111118111111111. 29

1111 1Ν111111ο1111 1111111111 1111151111111111 11111 1111111111 11111, hogy
1111111 1111111111111 11 11111111111111 1111111111 1111111-11113111 1111-

11111111111 1111111115, 1111 az 1'11' 1111111111 1111111111 niues. 1111111111ιί1111111111111111111111
nom 1111111111 11111111. 1111111111111 11111111111111 1111111111 111899. 111 XXX. 1.-11111111, 1
111111111111111111111111111111111-11. 1. ,1-1 11111 11111111111111,111111111111-11111111
horona orszigai 11 0 11111111 11111 1111111311 11 11111111 1111 111111ςό 1111-111111111111111111111-
111111 19111. 111111111111111 11111111111 az 1861. 111 1111. 1-11. 118. §dhan 11 1111111111 1111-
1111111111111 111111111111113 11111111 111111111111111 - 11 11111 111 11111 11111111 1111111 1111111-
111111111η111111,11111111 11 18119.111 11111111.1-1111111111111119111111111111111111
11111111111111111111111111111. — 1 1111111111 11111111 11111111. 1111111111 11111111111111111,
111111111111111111111ηό111111111111 11111 1111111111111111111111 11111111. 11111111111111111111-
mauult, hogy 1 11111111 11111111111 1111111111 1111111. 111111111111111 11111111111111111 11111-
1111111 1111111111 1111111 1111111111 11111111111111 1111111111 11111111111111111111 ,1111111111111 1111111
1811111111 1111 11111111111111111111111111 es 1rtiforgalmunk 1111111115111111111 1 111111111111111
11111111 113111111111 111111111111 1111111111111111111111.

11111111111111111111111111111111 11 18111111 11111111 1111111 1111111 11111 1111111111ἴ 1111111111
111111. 811111 111111 1111111111 1111111111111 11111 111 11111911111111111111111111101111111111111,
111111111111111111111111111136116 1111111 11111111 11113 1111111 11111111 1111111111 η’. 1. 1111111111-
11111111111111811111 111111 11111111111111111 11111-1111 1111111111 1111111111 111111 11111111·
1111111, 111γί1 511111 is 11111 111111111111111111111, 11111111 11111111111111 11111131 1111111111 [1111111.
1111111111 1111111 minden 11111 111111 1111111111, 1 111111111331,1111111 323 11111111 11111 11111911.
11 111111. 1111111111. 81111111111111111111 11111111 1 11111111 1111111111 11111111111111 1111111 1 1111111111-
111111 1111111111 is 11111111,11111111111111111111 11111111 11111111 11111111111111111, 1111111111111891-111
1111 11111111 1111111111, 19111111 11111 1111111 111111111111111111. 111111 1111111111111111 1 8111111111-
1111 irak 111111 ’111-811 11111111 1111111 11111 1111111111 11111111 11111111ιό 111111111111111111,1111111511111-
1111111111111111111111111111 11111111 1111111111 1111111111 11111111 1 1891-111 11113 1111 311 11111111
11111111 1111. 19111111 1111111111 1111151 111111111111111 111111111111111111111 1111)· 11111111 11111111
111111111111111 8111111111111111111 1111111111111 11111111 1111111111 111111111111111111111 mutat 111
18111. 111111 1111111111 111111111111111111111 811111 111111 11111111111118111-1111 11111 1111111111111111,
1111111111 1111111111, 18111111 1111111111 11111111111811 1111111 1111111111811-11 111111111111111111
111111111111111111111111111111 11111111 1 11111111111111 1111111111 1111111111,1111111111111111
111111 11111111111111111111 a 1111111 1111 1111111 11111 3111 111111111111111 1111 11111111 1111111 111111-
111111, 11111111 11111111111111111111-111 1111 1111 1111 11 111111. 111 11111 1111111111111 1111111111.

1111111111111111811111 11111111111111111 1131111111 1 11111111111111111111111 11111 1111111111-
11111111111111, 1111111 11111111 11111111111111111111111. 11111111111111111111 1111)·1111111111 11 11
1111111111111111111111-1111111111111, 1 11111111 11111111 ipat 111111111111 11111111111111111111-
1111 11111111 1111111111, 1111111111111111. 1111111111 1 11111111, 111111111- 110111111111111151111111
111111111111111111111111111111111111 11111-11 11111 511111 111111 1111111111 1111111111 1111111111
11111111111111811-1111111111111 1 11111 11111111111111111, mint a 1111111111 1 111111111111-
111111 1111111 1 111111111111111111111111, 1 moly 18111111 1113 millii} 1111111111 1111 1111111111 111
1111111 1111111111 s 11111111 11111 11111111 1111111111,19111-111 11111 3111 11111111 11111111 1111111-
11111111.811111111111111111111111111111111 1111111111 1111111111 11111 mutat ily nagy [ejlfide'sl.
18111-1111111 1111111 111111 1111 s 19111111 ⁶211 11111111 11111111 11111111111111111,1111111111111
111111 stetim 1111111111 1111111111.

11111111111115 1111 111111111111111111111111 11 811111 1111111111 11111111111111113111111111111111.
31111111111111 111111111111113111 1111111111 1138 11111111 111111 1111 1111111111 11 1891. 111 211 11111111
11111111. 8111111111 11111111111111111 111111111111 11111 1111111111, mint 11111111 1111 1111111111 111-
1111111 111111111111111 11111111111111111, 1111118111-111 1111111111, 1111111111 podia 1111 1111111 1111111
1111111111 111111. 81111111 11111111 111111 11111111 1 1111111111, 1111111111 mk: 18111-1111 a 111111111-
11111111 111111 11111 1111111 1111111 1111111111 111111, 11111ν 1111111111 11111 1111 11111111. 111111-
111113 81111111 az 1891. 111111 1311 minio. 19111111 11111 111111111111111111111111111111111111
011111111111’111111111111111 11111 11111111111111111 11 11111111 1111111111 11111 1111111111111
61111111 1111 11111111 1111111111. ι

A 111111111111 8111111111111 ’111111 111111111111 111111 1 11111 11111111111111 (mm-19:1¹.)
1111111111111 1111111111 11011 11111111 1ο11111. Α magyar 1r1110rgalmi statisztika 11111111 111111111-
11111111111111 1 111511111111 11111111111 1111 11111111 1111 11111 111-11.)1 1111111111111 1111 11111111.
11111111111111111111, 1111111 11111111 lulajdonke'pen nem 111111 111 11111111 111111111111111511111
111111111111111111111111, 111111Ι 11111111 11 811111 11111111111111111 nem 11111113111111111, 1111111
:111 11211113152:1115311113311a}1521131131111111111210111{11313111
11 11111111 111 11111111 1111111111 11111, mind 1 111111 1111111111 1111111,11111111111111111111.11111
111111111111111. 1 8111111111111111 1111111111 1111.

811111 1111111111 a nyersanyagok 11111111 1111 11111111, 111111111111111111111111115111111 1111111-
1111111113111 11111111 1111111111 119 11111111 11111111 1111111111. 1111111111 ok 11111111 1111111111
11111111111111111111111 11111111 1111111111 1311 11111111 1111111118111111111 1111111111 11111111-
1111111 1111111111 (1891-1111311111 11 111111- 11 3111111 1111111111 mutat, hogy 8111111ῑ111 fej-
111111 1111111111111111 mind kisehb 1111111111 111111 1111111111111111111111.11111111111111·11111111

 

