1 1906 .· Ι. 1. cz. A 331331313311113131333 3131131311 3113133111.

131133113331313; 8311313313 1113331331 1111333133, 113113 113333. 311
333 13 11133113 11133331; 83 13133131311311331311133,83111313313
13 1131 11333133 31, 33 833 Nom, Sa 11313313 13 1131331131331313
113131133; 13 1113311331 13 1311333111133 1111313133 83 1131331313 1131
1331313333 833 11113333 1131313 13 11331133131313313311; 833
11113333 83133133133 13111313 de Μο3333; 83 11313313 131131 13 1131131131
3113311131133ι 8311313313 13 1131 13 83313 31 13 11311313, 33 333113
383313, 3113 1333311 1313131 831333, 13333331333311333313313 1333
331133 3333333 1333 133 1111313313 3313 3311113 333331131133 133 3133331
11111331131113311313, 331 133313 13 33331313 3331331331133 11 13131131
3133133333 331 leurs 11331331331131133. 3313113

83 11313313 1133131331 1113111313, 1131 13 1131333 313, 31 1131 1133313-
111313113 1331113,

81113. 13 1331313 113113331313-113311311, 83313133331131 111113-
311133113 31 1133133113113113 3133 13 [1331133113131133311131313333133

83 11313313 1Ἐ333131111111333133, 1131 13 Ρ13333ι

811. 8. 13 1111333 13 11313113, 833 1313333133 11113311133113 11
1133133133113113 313313 1113311331 13 13 1133111333 1133113133

&Mmoeffimfflm

11. 13 13133 1111131133, 833 1131313 1133311133111 31 11133113 113111-
33133113113 3133 13 1331133113 13 1133311333 11333133

——- ..- -——.——.--.—.. -..-—-.- —-.—..— —.——-—-—. .

11131111 3 1313331133313133 31331311 3131113311 11131- 33 31133 31333313131; 1313131111 11113331 33113131
1111333111133111 1111311333 31313311 3 31311313131331, 111111 131313113 31331 33111111 1313 3313131113-
1611131331, 1111131311 3133331131 1113111311. 3 33113131313131131331313311313331133113133113131113111
ten 31611 11133, 3 1113331311 131133 31313131 1113 1133313133 3133313131 331133 313313131133111-
13131313 3111133133 13113 33 1113113331 3313131131, 11133111 313113 3331313113 33113, 3 3311111 311331
3133111311133131131,3 33113131113131331 31 313311 1111311311 131311311; 11311131313111 311
1331333133 13 131311. 11113133 313 3133133 3131331 3 3113311111 1331333 3131313133111313311
3311 3, 3 311131 3 3131331111 3111311311 33 31131111 1111331 1311313131 131111, 3 13113311111113113
1111111 1113311 33 1331 1111331131 131331 113311. 111 3111113113 33 3 113313131331 133133 13311311 113111·
3311133131311131311313331 33 3113113113 3 3113111111, 3 3311311 3111311133 1111111113 31131331
313111113331, 11133133 133311331111 is 3113 1311313111 31 33111111 3111331. 11311113131331111111313131111333
1113113, 33111 1131313313 311313113131113111131113311131131, 31313111 1311111131 133113113133113311
311113131131131333. 11133 33133 3 1331111 3313131 31 31313113 133133 11133133 1311 3311131133
11131311 133311311131313 3131111131331; 33 111, 3 mint 31 1331 1311111331 31311113311131 3111111111 331-
31133113111. 13111 3131331131133 3311131111 31311111311111 3113131311 11113 1311311131131331111111-
13133 311131 13131313331333 3311133 1113113113 31 11131311 11331311 111133 1131131131. 113 3113113-
31 1 113133131 3113113131111313111133 13 33111133 1131111113113 13311111 3313131 333311131131, 3111
aua is 3113313131 3 3131311 11311313313131111133133 31131331333113131. ,1131313131 3111131 33131111
13113 33 3311311113 133313 3313131331 3 13133331 1131131133 1111131111 1131331311 31111 311 131111
a 3311113131133 13313331 1113 11111333 3 3331311111 11111131. ’

Λ 31133 3 3311311131 3133111 13131133 1111111333 3 1313111131 1311133333113111333 33 3 31313-
111331 1311133 13131111 3331333, 33111313131133 3131131113 1111, 3311311331 1111131313 3 3331131-
kazi 113133 131133 31313 3311313311, 3 3111311 3 3311331113 1111133111 131133131131133313 11331-
13111ῑί 113131133131311311331111 3 3 33111313131133 1131133331 311· 313133 1333311131 13 1331313
1311. 1868-133 3 333111311131311313311133131 111. 1111111333 13113113 313311111-313111311311111·
3131311311, 131131331333. 11311133 311 3113131 13131331 3113111131111113311131 33 1313133331.
111311331 13311113 33 11311131313131Ι 13313131 311 1131131113 3 1311331111311331333 1331131311 13111313
11131311 111 113131. 3 11111311 13131311313111 18111133 313111130133131111133 3 811111 1131111113-
11311. 1111331113 3131113 1133111331311113333113131311 [111313331311333 331 3113 11131311 331-
3111331113133 111 1811133 811111 13313131 131 3131311311 3113131111113311111133 ‚
1313131311ς3131313313113111111331111111 (1133133111 13313131 31 3131111. 1311 1 1. 31333-
113111313 1311313111 131133113311113133131113313 133111311111313. 18131133 a 13131 1111111113 3113131-
11133313111311311111111 11311131133311 1331113333 11313113, 31311311 1 333111131111311131311
13133131311313131131, 31311111 3 31311131 11313131 is 1311111311. A 1313331331133 31111 313111333
1111311111111313131111 31111313133311 111113 111111 (113313131311131 3111 1111113 33311133311313 111131. 3 31
1313133 3111 111133 3111111333113131 1111111113. 13111 181111333133111 11313311 1313313113, 3113111
1311133 1133111133 13111111113131133 11131131311331 11131 3131111. 3111331131 11113113311111111131111
(3113113311 18111133 3 1331111131 313111311111131 3 13133 1111111111131311113131111 1113331131

13331111131311, 13311

 

