92 1906.- 111. 1. cz. Κ3133113113111113331331133 8331333331.

1331333313 1311 11131313313 33331 3113131313333111333113313131131313113
1313 3113133331 3 13131311 31133331, 3113 11131333131111ς 13113 1313111131
1311 31313113331 1311331 33111 3133311313331113131,1313111111131113133311
13111 13131311 131311113133113131131 33313 1313331311311113131133311, 13131311
3333 31113131 33 3113131 11333311311333131 1311131 1313131313111131; 1113313133
131313331 3131 3 33313111 3113133 11113113311131113113 1113111333ιηί.

Χ. 113 3113131 3113333311 311313131311311 3333 131113331131 1131311 11131-
111331313 113331111311131, 1311313131131313131 minden 13131133 131311-
331131 13113333 1113313331333131311311 3131133113111113, nem 113311131-
’1111331311 1311131 1313131131111.

Α 6. 3311111133.

1. 1133113113113331331 3113331 31313311333 33313133 3 3331331133 13113-
1113113311. 11311311311311 111., 131. 33 133. 33313333131311113133311111
131331311 3311131111 113313 3 3331311311313111 333331313331 1113113 33311111.
13311 33 313311113331133 131133333113111, 1311331331133 sog adami,

Η3331113 31311311 13 1313331111131111 3131331313 13313311333331 33313133
Β. 13311311311311 131. 33. 31311131331311 3311131331 33313333333 1311113 3
3333313133 1313313113111111 3131113133.

11.Α11.331111.1313311333 3113131313113331131111 3113331333131 113-
13311333 131311133331131111 1331311311 1313331311 1311113131 33 33311311 113333
13113111131111ς 113 3111131 133331333131 3333111311 131 1311311311 13111 13113-
33113111, 11311 33311 313133313131 nem 3113331133ςί 3131 3133111133313
13331131131131.

11111313113333131113113 3113 11331313, 11311 3 6. 33111 1131131111 13-
13333331311 13111311 13333113333 3331 3 1313133311 1311 13113111 3331313,
33313131131113, 1313311313, 3113311 1113313313 33 1113313313113113113,
13131313113113, 33331311-11313113, 3311 111331333113 33 3331133 1333313
3313113113 113313 13333113131331313.

11’.113131133311311 13113 33 113111, 1311 3 33333 1333333333 1131111
3133111311, 13131 311333133311 1113131 33111311 11311331313113111333111331111-
3331111311111 1311313131311, 33311 3331113331 1113133 31331111333131311311333131
3133311311 3 1133113311 1313113133, 13113 13331 33. 111. 3133313333-
'sagi 131111331131131131333, 1311 13311311113113311 31333133 1313131 11113331
33 1113113311 1311113311311 31133133 31131 113111131111333111131113133131331
13111111313131 31131 - 111313 33 3131133 13131131333131 - 3113133113
1311111131 1333331, 11133333331131 33311 131313331 nem 3111111 3 313133113111-
1113131311131 33311 13131, 13113131113113 1311113 3331113331 13113131333331
131311133131131.

Α 7. 3311111133.

Α 1. 33111 1113133 1313333331311 3311113111113133331 1131313113111111131
33 3333131131331 1331131311 —· 3 13311131 11131313131 - 1313 1113133311
3331111333 31133113, 111311 3113 31311 33113113331131 31133333311111113131133-
131333 3113133, 131331113 33 31131 33313333131311313111 133133331313331 is,
131131313311111 3113, 1311 33 3113 33 3113111 1311 3 1113331131 311. 1333313
1311311111.

1131333111311 33 11131133 31113311 33313333 131 1313131313 13113 31133
131131 1331 1113131111 3 3331111331, 33 111313 31333131 1311311131 333111133111

 

