25

111891111111. 1. 11. 16. 1-1111.
1.1.1111111Ι11.11.11731.111’.11. 1111111111-111111 1111111 1111111111111111111111111111111
11111111111111111111111111111111.(11. Τ. 1111.)

Δι 181161111111. 1. 11111111.
’ V. 1111161111. 1.-11, 1 11111111-1111111 1. 1. 11111 1111111111111 11111.

11 181111 1 111111. 1. 1111111111.

V. 1. Ι11111111.11.11.917.11.1. II. 11111, 11 131116. 11. B. II. 11111, 1 1111111111 1111-
1111111111 111111111111111 1111111111 111111111111111111111111111. Τ. 1111111 1. 1. 1911111111. 11.
m 11.111.1111,1 1111111111 111. om. 1111111111 1111111 1111111111 1111111111 11111111
1111111111 111 1111111111ιὸ 11111111 1111111111111 (II. Τ. 1111 v. 1. 191111 111. 19. Τ. 111116. 11 1. II.
11111.,1111111.111111111 11111111111 11111 11111111 1111111111 1111111111 1111111 1111111111 (111111.
1111111111 1111111171. 11).

“ A: 181111 11111111. 1. cz. 85. 1111111.
V. 1. 191111 111115. 31161. 11. II. 11. 11111.,111111111111111111 11 111111111111 1111111-(1111111-
11111111111] 11111111111111111111 11 1111111 1111 111111111111111111. (II. Τ. 1115.)

A: 18161111111. 1. ez. 185. 11101.
V. 1. 1101 ij. 11311111. sz. 1. II. 11111, 1111111111111111111111111111111 1 postu-(uvida)-
111111111111 11111111111111111111 111111111 111111111111111111111111. (R. Τ. 1115.)

ΑΖ 181161111111. 1. ez. 171., 177. &s 178. §gamon
V. 1 111911 ij. 11311111. 11. II. 11, 11111, 111111111111111111 11111111111111111111·111111111-)
111111111111 11111111111111111111 11 11111111111 111111111111111111111. Τ. 1111)

Aa 1111ι 11111111. ι. ez. 111111101-
111 191111 11112131611 11. K. 11, 11111, 1111111111111111111111111111111 1 posta-(uvimu-

111111111111 1111 1111111111111111 1111111111 1111 1111111111111111111. (11. ¹1¹. 615.)

111 18861111111. 1. 11505. 1111111.
V. 1. 19111111. 111. 311151. sa 1. II. 111111, 1111111111 1111111111111111111111111111111111111111
11111111111111, 1111 11111111111111 1111111111111 11111111 1111111 1111111111 111111 111111111111

11111111111111. 1. 1111111

11111111111111. 1. cz. 515. biboz.

V. 1. 191111 aug. 10. 3111111. 11. Ι. II. 111111, 1 1111111111111111111111111111111111111111111111
11111111 11111111, 1111 11111111111111 11111111111111 11111111 1111111 1111111111 111111 111111111111
1111111111111111111. Τ. 111111.)

11 1896111111. 1. ez. 536. fi-zihoz.
V. 1. 1111111111. 17. (cisun). 11 B. 1111111.. 11111111111111 1111111111 11111111111 11111 1111111-
111111 11111111111111111111 1111111 1111111111 11111111 1111111111111111 (R. T. 619.)

1118961111111. t. 115511. g-fihoz.

V. 1. 1111111111. 111, 311111. 11. Ι. II. 111111.. 1111111111 111111111111111111111111111111111111111
11111111111111. 1111 1111111111όὶ 1111111111. 11111111 11111111 1111111111 111111 111111111111
1111111111111111 (Il. ’1, 1056.)

I«

 

