31 1906 : VII. 1. cz. 111111111111111 1111111111 8111111111.

11111111 11 11111111111111 1111111111 11111111-1111111 1111111111 vagy
ezzel 11111111 1111111111 1111111111 11111 11111111 1111111111111111111111,

1111 1111111111 1111 1111111111111. A 1111111 1111111 1111111111111111111 1 9 11111 11111111111111111.
1 111111- 11 111111111111111111111 111117111111111111 1111111111. =

1111111111111111111. A 1111111 1111111111 1111111111 e 1111111 11111111111111 111111 1111111111 11-
1111111111111111111. 1111111111 1111111111 1111111111 1111111111111 11111 1111111111 1111111111111111111
1111111111. 1 11111 1111111, 111 1111111111111 1 1111111111111111111111111 regi 1111111111 1111111111.
111111111111111111111111111 1111111111 ki 111 1111111 1111, 111111 111111111111111111111 1 1111111111
11111111111111111111 111111 1111111. 11111 1111111 1111. 1111111111 11111 1111111111 1111111111 1111111 11111-
1111 1111111111 11111 11111111 11111111 1111111111 1111111111 1111111111111111111 1111111111 11111111111111
1111111111, 1111111111 111111 1 1111111111111 1111111111 [1111111111 1111111111 1111111111 11111111
1111111111111111111111111111111 1111111 11111 11111 11111111] autunum 1-1111111111111 1111111111
11111111111111111111111. 1 111111111111 1111111111 1111111-11111111111111111111111111111-
111111311111,1111111111111 As 1111111111 111 11111111111111111111111111111111111111111111111
1111111111 1111111111 1 1111111 111111 111111 11 111111111111111111111.1 111111111111111 111111 11111
1111111111 11111111 11111 11111111 11111111111111. 1111111111 111111111111111111 1111, 1111111111 11111 1111-
111111111111111111111111 mind 11 11111 1111111111 11111111 111111 nem 1111 1111111.

1111111111111111111111111 1111 11111111. Ι11111111 1111 11111 11111111 11111111111111111111111
1111111 111111111111111 11111131 1111111111 1 1111111111 1111.. 1 11111111-11111 As 1 1111111 111111 111111-
111111 1511111111 11611111111111 A 111 11 11111111 111 111111 a 1111111111 111111 1111111 1111-
11111111 111 1111111111 111 11111111 1111111111111 11. ,1111111111 1111111111111 111111111111111111111 1111111-
111 11111111111111. 111111 11111111 1 111111111111111111111 111111111111111 111111. 1 111111111111111
11 11111111. ,1111111111 11111, 1 111111 quo 111111111111, 1 1111111 11111 111111 1111111111 1111111111-
1111. 1111111111 1111 11111111 A 111111111111111111111 mex. ,1111111111111111111111111111111111-
bau. 11111111 11111111111111 1111 11111111 1111111111111111111111111111, 5111111111 111111111111111 1111
11111111111111111111111111111 1111111111 1111111111. Ε 1111111111 1111111111Ι 11111111111111111
11111111 11111111111111 11111111 11111111 11 1111111111111111 1111111.

1111111 1111111111111111 1111 11111111111111111111 11111 1 11111 111111111111, 111111111111 11 1111111
1 111111 11111111111 111111 quo 11111 1111111 1111111111 11111111111111 1 11111111 1111111111 11111111 11111-
11111 1111111111 111111. mint 1 111111 1111111-1111111 1111111111111 111111111111.

11111111111111111111111111 51111111 1 11111111 1111111111 111111111111111111111111111. 1111. 11111-
1111111111111111 111111 1111111111 11111111 11111111111111, 1111111 11 111111111111111111111111111111111-
111 A 1111111111 (1111111111 1111111111 111111111111111.

11111111111111111111111111111111111 1 111111. 1111111111 11111181111111111111511111111111111-
1111111. 11111111 's 1111111 1111111111 status 1111 11111111 111111111111. 5111111111 11111 millii>
1111111 1111111111 111111111111111. 1111111111 1 1111111111111 1111111 1111 111111. a 1111111 ‘la-fita
1111111111 1111111111 111111. E 1111111111111111111111111 11111 1111111111. 111111 11111111 11111111111111
1111111111111111111111 11111111 11111 11111111 a 1111111111 111 1111111111 1111111111, 111111111111111
1 1111111111111111111 1111111. A 11111111111111111111 111111111111111111 1111111 11 volt.

11111111. 11111 1111111111111 1111111111 1111111111 1111111111111111111111 1111111111 111111 1 11111111
111111111111111111111 11111111 11111111111111111 1 11111111 11 1 111111111111111 111111111111111 niujin.
1111111111111111111111111111111 1111 niem· 11111 1 1111111111. 1111111 1 111111 1111111111.
11111111111111111 az 11 11111111 11111111111111 11 1111111111 A» 1111111 1111111111 111. 1 11111111
[1111111111111111 111111 111111111111 1 111111111ιί 3111111111 1111111111 1111 1111111111111111 1111111111111
meg. A 1111111111111111 1 11111111 1111111111 status quo (11 11111111111111111111.11111111,1111111
111111111111111111111111111111111· van, ι111111111111111. 0111111111.111111111111111111111111111
11111111 1111 11111111 1111111111 1111111 11111 111111111111 1111111. ι111111 11 111 1111111111111111111
3111111 111. 1111111111 11111111111111 1111111111.

A 11111111111111 11111111 1111 1 1111111111. 1111111111111111111 11111111,111111111111111-11111111,11111-
11111111111111111111-1111 11133 nun.) 11111111111111 11111111111111111111111 a 1111111111 11111111
11111 1111111111. min! a 11111111111111111111111. A 111111111111111 1111111 1111111 1111111111111111111111
8111111111 11111 1111111 111111111111 111 mi 1111111111 1111 11111111 11111111111111 8111111111 1111111
1111111111 1111111111] 1111111 111111 11111111111111111 1111111. 111111111111111111111111111111111 1111111-
1111111111111111111111, 11 nem 1111111111111111), 111111111111111 111111 1 1111111111.

11111111. 11111111111111111111, 11111111111111 1111111111. A 11111111111111 11111111 111111-
1111111 1111 1111111111 1111111111 11111111 1 1111111111 111111111111111 11 111111111111111 1111111111-
11111111111111111111111111111 1 1111111 1111111111111111111111. 111111111111111111111111111111111
1111111111111111111111111111 1111111 1111111 1111111111111111111111 11111 11111 11111.11111111111111111111111
1111111111 meg.

A¹ 111111111111111 1 11111111111111 111111111111111111 1111311 11111111111111111111111111 15 11111),
1111111111111111111111111111111111 1111111111111 1111111 1111111, 111111511111111111111111.11111-
11111111111 1111111111111111111 a 11111111 1111111111( 1111111111 11111111111111111111111111111
1111111111111111111111111111 1111111 11 1111111 1111111 11111111111111111111 1 11111111111111111111
11111111 11111 11.

111111111111111111 1111111 111111111111111 1111111111 11111 1111111 As 111111 1111111 11111111. 8111111111
111111111111111111111111]1111111111) 111111 1 1111 1111 11111. (1111111111 ’1911111111 11111 111111, 111111

1111111111 111.

 

