36 1906 .· VII. 1. cz. 111111111111111111161111 8111111111.

18811111 81111111 111111111111111 1111111111
1111 11111161 1111111111, hogy a 11111111 11111111 1111111111 111111

10-1111-11 13 11-1111 1111111 1111 111111 11111 1111111111, 1 1111 1111. 1111111311-111331-11
11 1911-1111.111111111311-111 1811-11 1111111111. 1 1111. samon 1111111111 111111 1111111111
11111. Α 1111 11111111 1111111111111 1111111111 1111111111 11111111 1111 111111111111111111
11113111111111111111111131111 1111111 1 111111111111111111111111111 111111 1111111111γώ
1111111111 meg, 1111111111 11111111111111111111111 11111111 1111111111 1 1111111111 111111-
111111111111111111[11111111111111 11 az 111111 11111111111111 11, 111511111111111111111111111111
111111 Α 1111111111 1111111111 111111 11 antonum 1111, 1311 113331111111111111111111261111
w} fflffioffiffi 11 Kj 1111111111 111111 1111111ζ11111111, 11111 1 11111111111111111111111-
1111111111111111111111Ιὸ1 (az antonum 151111 11111) 1161111 11111111111111111111;1
1111111111 11111111118111( 11111 quo, 1 11111111τὺ11 111111111111111 11111111111111111
1111111111 351111. 11 11111 1111111111 1111 1111111111. 111111- 11 1111111111. 11111111111111111-
111111 az engedelyjegy melloni 1111111111 111111 11111. 111111111111111111111111 1111111111 111111111-
111. Δ 11111111 1111111111 1111111 11111111 11111111, 1111111111 111 1111111111 111111115111111
11111 11111111, 11 yis 11111111111111111111 111 11111111111111111111111 1111111111 1111111

11 1111111111 1111111111 111111 K. 1 [1111111111 11111111 1111111 11111111111111,11 1111111 111111. ⁴
1111111 1350 11 12111111 111111 1111111.
Α 81111111 11111 1111111111111111 11111 1111111111 1111111111 a 11111. 111 111111111111111

1111 1111111 11111 11111111111 111111 az a) 1. 11 1.). sz. 111 es& 1111111111 1111111 [nem
3111111111111111 1111018 K 1111111111 1111111111 K 11111111111111 111 11111, 1111111111111111

11 111111 11111111, 11. 1. 1111 {estve vagy 11111111 111111 111111 K 111111 11 111 1111111 111111.
1111111111, 1111111 11111 1311111111. 1111 11111 111111111111111111111 1811113311 11-11
1111111111111.11111111111111111111 1 11111111111111 11111111111111111111 11111111111111111
quo Qesslfffflsfival 1111111111 1111111 111111111111111111.

A 1) 1111111111 11111111 (1111111111), 111111 11111111111111 111111 1111111111111,
111111 1111111 11311111 K 11111111 11 115138 K 1111111111 111 111 1111. 111] antonum 111111111-
ban 1111111111111111111111111, 1. m.

11111111111111111111111111 1250 11-111 &s 111 11111111 [estve. 1111111111111 1111111111
131111 11-111, moly 11111111 111111 11111. 11111 11111111111111111111111111111111111 11111 K 111 1111-

1111111111.

Ι’111111118111111111111111 1) 11111 11111 1111111 1111111 (111111111111111111111111111111
1111111 1111111111 111111181111111111111113138 K 1111111111 111 1111111. 11111 111111 111-
1111111111 nem 111111111113111111, 1 1111111111 111111 K 111 1111111111. nuely 11111 111111
1111111111 111111, 1111111 1111111 1111111111111. Α 1111111 1111111111 1111111111 1111111111
11111111111·11,1.1.1111 1111111111 11111 1 11111111 111111111111111111111111111111
9511 Κ-1111111111111111, 1 111111111111111 111111 11111 11111111 1111111111 111111111111111, 1. 11,

111111111111111 111311 11, 111111111111111 1111 11, minden 111111 11111111 11111 11-11 1111111111.

1111111111111111111111 1111111111 meg 11111111 11111111 1111111111111111111111111111
1111111 111ηὸ111111 1111111 111111111111111 1111111111. 1 1111111111 111111111111111111111111111111.

11 1111111111 11111111 1111 1111 1111111, az anyag 11111111 (pamm, gyapjti, 111111) 1111111
iso-750 1113111111 11111111 11111 1111 11111111 111.

11 1111111111 1111 111111111111111 11111 1-111 1111 11411 1111111111 11.

116111 1111111 1111111111 111111111ηά1, 1111 111111 111111, 811111 111111111111111111111111
11111 111111111111111 1111111141, 111111 111111 1 1111111111 1 1111111111

11111111111111111111111111- 111111 q 1111111111 11111211, 1111111 1111-11111111111111111111
11, 11531111. 1. 11111111111113 11-11, 1 (11111 11-111 1111111111 1111111 111111111111111-11.

1111111111, 11111111111111 11 111111111111111111-11 q (11111111111113111, 111-311
1111111111111111.1311-8111 (111111111111111111.18111-1111111111 1111111111 111 K 111
11111111 1111111, 11 11111111 511, · ‚ 31111 1111 111111 1111111.

A 11111111 1111111111 bs 111111111111111 1111111111 11111111111011111111111111111111131111
111111. 11)-1111 111 1111 811 K. 2⁵5 11-111111111111 11111, 1 ‘J (1-111 1111111111111111111
vim 111 111111111111111111111111111. 111] 11111111 1111111111 1110 K 11111111 11111111.

11 11111111111111111 311 11-111 111 11-11 11111111111111.

111111111111111111111111 111 11111111111111111111111 21111111 1111111111111111111111
21( (11 111111 11111111 K). 1111 11111111 1111111 1111111111 11111 K (1111 K). 1111111111 111111
(121111, 11111111111111 ow K (11111 K).

11. ,11, 1111111111 11111111111111111·1·111, 11111 11 1115 K 11111 111111111111111111,
1111111 1111111 1111111111.

111111111111111111111 11111 1 11111111111111111 111111 1111111111111 111 111111111111111
111111 11111111111111111111 1111 1111111111 1111111111 1111111111 meg: 111111111111111111-
,111111111111ς111·1111111111111 11 11111 1111101 111 11111111 11111111111111111111
1110 1,-1111111 K-t 111 111 1111111111. 11111111 111111111111111111111111 1111 1111 1111111111-
111, 1111111111 11111 11-1111 21 111111 nem 1111111111.

 

