11

,111811211111111 1. 61. 6. ((-11161,

16. 19116 611 1631169111 1 11 tend.. 1 (6111611161 1111111611161 1111611166 11111116

ἷ11ξ111161 1161111111161, 16111111 1161111111 61 11161611 ,1111111161 16161166616116661111161.
( . . 1611)

1166611111 61. 16. 1111161.
V. 1. 1966611 16. 39661. 11. 1. 11. 16111, 1 161611661161 161111111116111611116116161 11111116

ὃ1111111ἔ412116111611161, 161111111111111111161 1111111611 6111111161 &immuta 61 1666111111161.
,111 .)

6118981111. 1. 6111111161.

16. 1966 116111 11. 1666. 11. 11. Ε. rond.. 11 1111111 1111111161111 1611616 16116161 6116161116·
1616161. (11. Τ. 1111.)

1118116111. 1. 61. 181111116116 661616666661.
816161661111611611111ῑ 1961 .·1, 1-61. 6. ξ.

“ Αι189611111.1.61111111161.
V. 6. 19661111 661. 3. Β. 61 XXI. 1.-61.

Α11893111111. 1. 61111111161.
1. 6. 19116 : 111. 1-61. 3. 1. 61 11111. 1.·61.

6118961111111. 1. 61111111161.

11.6.1996ῑ111.1-61.(161116116161)1.1. 11161161111961. 111111. 111111161 111111 116116116 61
11611 (16161111 1961 ;11. 1.-61., 1 1611611 11161611161111111 1611111616611 1111111 161611. 11161111
1111611111 16611611 111161 6111616161 1111111 161611166 611611611611611161 1116 16116111616161.

111 1899111191. 1. 6111111161.
126.19116111.1621156666.16111.,116116(11611616161611 16116 161161 (16111111 1111611161
1111111161111111161 (1111116161) 6161616111 111111161611161 616116161111616161. (11. Τ. 1161.)

1896111191. 1. 61. 16161161.
V. 6. 1966 116111 211 111569. 11. V. 11. 1616, 11116161. 111161616161116116111116111111111161111611

161161616116661111 1116111111 1111111166 1111161 6161616161 111161616111161 1116 116161111616161111.
’1.1111.) ·

ΑΖ 189111111111111. 1. 61. ’1. 1411161.
V. 6. 1966 111). 18 111918. 11. 11. tend, 11111111 11611616616116166111616 1111661616611111161-
1611 11111161 «6111616161 163611111116116666111111111666616161 1116111161111. ’1. 151.)

Α1 1894: 1111. 1. 6111111161.
V. ὃ. 1966111. 30. 1111611. F. 11. 16111.,1 1111111111 1111116161611661 11166111111111111111-
1116161 1161161611 1111111611111161. (11. Τ. 1619.)

11 1891111111. 1. 61. 57.. 58. minoz.
1. ὃ. 1966ε11.-61., 1 1663116161111 11111161 11161111 1611611116 161611 161611 1611611611 611161-
11611161; 1 1111161 11161111 1111616111 (1996 : 1. 1.-61.)11616111161616116. 1966 161. 16. 911611.

61. F. 11. (1966 6111116111 11611611 281. 11) ,
1

 

