8 1906 : 1. t. cz. Α 33333333333333133333333331133313333131333νό1.

10 1333133 3133331 que 13 1331313ῑί33 du pays 3333 designes 3313313
3313111133 3 133313311333133313.

31131331 11333 11313 3111313113 (13333333331313313131133 113 pays, le
131333333113311313 3333 33311333 333 313333113313333113331311313
N⁰ 1 3333333 3 13 33333313 1333331133.

m. 10.

⁴ 1331133133 1331133 Gonu-aetantes 3333113331 133 31333333 3333133 3

3131133 1331· 1331313333 33 accord 3333 133 (11333311133311313 33333313

ί3333333333 11333 33 (13131 de trois ans 3 333113 du j0ur de 13 3133331333
3 3 3133133.

ΑΗΤ. 11.

133 333133 1331133 1133333133133 33 3333133313333331. 333113133313-
-11131331136333333313331 13333313, 133 1313 31133 1133131333 313331313311333
qui 33331331 11313 313 33311333 33 qui 313333313313131331133313333111313.
33131133313313 1311131 de 13 33333313 1333331133.

m 13.

13331333 3313 3333 juge 3333333133, 133 Η331331331133 1331333133133 33
133331 33333333133 3 333 3333133 13133331133313 31133333 (1313131333133
questions que 3331333 1333331133 11313 (1333331133 31 de 33333333 133
31311113311333 11331131333133333333 1131333133 13111113.

11111. 13.

133 111313 qui 3331333 3313 3331 3 13 33333313 (1333331133 33111 3113113
3 y 33113333 333 1333 1133133113. eene 3111133133 3333 33111133 333 13 3313
(1131313311333 33 11333333313331(13131133311111333 1333133133 31 333 33131-31
333 331333 63313333133313 3133313333.

3111. 11.

- 13 333333131333331133 3333 31133 33 313333311333 33 113131 3131113331
1133 33 3 (13133 du jour de 13333333 des 3311113311333.

11113 3331333 33 3133333 131313131331 33133 1331331331313333333 31333-
131333. 11333 13 333 311 1333 11111133 13333333311131333331133, 33113
(133333131133 3333311 1131131 333 3311 &gard 31 3331331331 3113 33333
33333 13 jour 311 33113 (133333131133 3333 313 33111133 aux 331333 111313
1331333133133.

ΛΒΤ. 111.

13 33333313 1333331133 3333 33111133, 31133 1311113311333 3333111 331133-
3333 3 13313 dans 13 3133 11331 113131 possible.

 

