1906 : XXIII. t. 33. Α 1113113133331 horona 3133. 1111313313. 3131131. 119

111113331113131131311111313131 33 113311131133313131, mim szi-
131333 113313133 1311313331113131 111313331 13331313 3331313 131331313-
131111111 1313133131 11131 331131113331111 111113111333111.111.113131111
313113311131 111313113313111133111)

10. 1. ,13111311131133313133 1311311313131, 3331113133 3111113133
13131131 313113311131 3131111113 1311 3113311313 31131311131 3 m. 111. 113-
13311 313113311131 11113131 1113313113 131311 31111 313131333111111311-
31311 313131 3331 1313111·

Α 111. 111. 11313311 31311331113111131313133331111131311113311131133313131
3331 3 3131133111311333311111133133111113 13333111311313113 3331331 311131
3131311 3311313131331 11311 nem, 131131131331 13111 33313331313331-
1111311 111 131331133131131 1311311313331111131113113 11, 13 3313 13133-
1313131311111 3113133131 3133311133 11311131111, 13113 11113111311 11113
1131311311 31111131133131133 1111 3111113 33111113 3131331311, 1311 13 33
313131 113331111131133 3 13133 111113111.,11131113113. 1-33131111113111311
· 3111113 33111113 3311311331)

11. fi. Α m. 111. 11313311 313113311131 1113131 3113133331113 1311313133
11111111 1113131133 33311111313311313113311131313131 1111131131, 33 3131311
31133113131131 1311 131131133131131 1331113311, 31311 3 1111313313131131
1111131 13311113111131133 1113311311 3113 311111, 11 ily 313131111331313-
1313113 131311 3111311313133311 313113311131 1311 31111 31313131, 3111
311311333131131331 13113131113311311131113111311,3111 33331 3131331313
11113 3131111333111311,1311311 1311311311131, 11131131 3331 1111131113 1313-
31113 3133331131, 31133311, 113331111131, 1311113131, 13311311313111 31111, 1311
3 131311 11111111 3113311311311131111313 131131, - 3 1333311133 333131131·
313 3111133311 1131311131113311311113 31133111 esik‚ -111111311113131
13 111 1133111 1311311311 31311133311313311111 60113133111 1311311311
1133113131133311131313311. 1331113131 3331111111 3 1311311111 1313113311 13
33 3133311 111 313111111131331 11131333113113.

13 31111313 3 31. 111. 11113111131131331, Η31111-831313331331131133 13111
33 311 11311133 111. 111131131331 1311311111313113311113)

3 1111111333 111131113111111313313131131 3131133111ιί 3131313111113113113 13 1113133311 33 311131131313
331,13133111113133111113 13113131 1111313131 31313331111131131331 311331131311111113131133 313111.
113131111313113111131 11111131 13113111113 313113, 31131 3111311 1113131 33 31313113113113313111111
1311311111. 1111111313113 3 3331333331 33 3133131133133, 13113 313113311131 1113131 11133131131131
33 1113111313 3 3311111111 11113131313113113333111311 33 3131 11111313 133311331 3131333331 31-
113131111113311131133 1311311331113111, 3 111111 1331113313 111131333131331311313331111113131-
3133 33 113.

11119. §- 31 11181 111111. 1.-331117. 1-11311 1311311 11113131131131131313333, 3 3333111111 311513.
1311131 133131311111113331 33133 1313131131, 11311 az 1113111311333131313133311131131131311 13-
13131311313311311133 1113111133 13131133113131 1113133311 13131111. Ε 1331313131 3311131133 1311131·
11333ιίιι 33 313113111113111 11313311 1113111311, 1311 311131 1333131311 313131331 311111333311131311
313 amec 3131333 .

1211111118. 111 13113131133131 131131313313 11111 13311131331111131 111111 az 11313331111131113131-

11311, 13113331 33111111 1131133313133 1111311311, 33111 33 3113311113 3113131131 3313113311311113111331
1313313113 111311313131 311111131131311 sommi 333113 3313 13 311 11131331113131, 133313 113111131

13313131133111131 33113113 3131111331. 1111133111 pont 1133331 31331313 133131 3 1111113133 33313111,
3131113 3 31. 111. 11313311313113311131 1113131 33111311131133313131 1131131 3111131 11331113113113.

1311 11. 1. 331.111.1131311131311331111111111111111 331Ιὸ 1897. evi . V. 2:02stle 16111011
113333 3111331113331. 113 3331113113113133311313113311131 113131331 1313311111 1311113113113331-
3331 33113131 1111113113 13 131131133131131 1311311331 3111331331 111113 1331, 131331 3311111-
1331111311111113 13331131131113313311 1313 1891ε11111. 1.-33111 11. 11331 11111313131331111131-
13133131 33131311311311, 3131133131111311 1111113131 1111113131 3131133111133 nem 13113111, 1131311
313131311131111311311131 3131111133 11131311133131133 1311 1331111133 3 3311311113 31131133111311
333111133133311, 1313111133 31111313313131131 313113311111111.133111111311 11111111 13111311331113311

12*

 

