33 3333331333.33333333131333333 33333ωὲ31.

, 1333333113 131311 3133333113331 33331133 311 3333 1131331331 1313313131, 3
1131 3 11333311 11133131331313 3311333331 3333 3133333 3133333333ἰ; 3333
3333333133 33331333 3 33333333 131313 331333313113333 33313 3131131· 3113313333-
11313, 113 33 33133333331 3333 311333 1333331333 333333313113313333131113.

13. CZIKK.

Ha 3 33333313 13131 1331333133 3333333133 1331131331 (Α 33 Β 1331131-
131) 33 33 3333 1331131333 333311333 33113133333333331331 331311333333 3333
31131333333, 3333 3 1333333313 1333333333 333333133313 33 3333331133
1333333313 33333333333 1331131 1133313333 1333133313131313131133 3313 311131-
3133333 133331 333313113333313311131; 33313131 13333131133313 1133333-
&aaa 11111113831111111113631138 3111131111 (1311113111111313111311.ὅ 3111111331 3333, 11333 3313-
133311 13133331 3131133131 133331 1331 3113311333 333331 3333131 11 3313331311
1313331, 33 11333 3 131131 3133113313 33313331131333331133 3113 1133313311
311331313113313331 33133333 333311333333313 131313 1331331331 3333313313,
13333 33 331311 33311333 11333333333 31331 3333313333 3333111333133 333-
3133331 31333 33 13333333 131313313333 33333113331133331.

331311 33311133 33 13133 33333113333133 1331331333 33311311 3 33333333
131313 jelen 3333333133 3331313333333 3333 3113133333333 333311333133 33
1. 33133333133 3333331311 3333131133333133 131331 333313 333313113333313
3331333331 13 33133313111113333333 1333313 111331.

13. CZIKK.

Ajelen 3333333133. 33 1. 331113 3. 333333 31311 1331311131333331133133-
1333331, 1133313331313 1333333333333 (33 113331313-Μ33333333333 33 113311-
13331313 13331 1816. 331 (1333331133 3-33 1331311 3313-33331333333111331
3333333133 mvn. 331113 331313131331,(11 33133331 3113131333 3333 3333333133
33 33333333333133 13 1311313331,.13313313 3 33333333 131313 3333133313131331
13133133 333331133 3333311, 33331333133 333331133 13333313.

111. 11311111.

13133 3333331133 313333333331 3133333331 113333313333311 333333, 33313-
33113313331313 1906. 331 julius 1-33 1311 3333133133313,1333131113,33
1911. 31113333131333 133 3113 3333331 3333331333.

3333333313 131311 3313313331133 33331333 1331333333333331331333331,
11333 3 3333331331 11333131 1133333131 1913. 331 (1333333133 113 31-1133
31311 3313133133 33331 33 3333333331, 13333 33 3333 1133331131113131333
1313111 3333.

11331131313331133 3331313333 333331 33 11333131 1133333331 1911. 331
3333333133133 31-113313113313 3313331113 3 3333333133 3313133331 3333
333331 3313 33333333131333 133311 3333313131ς 3 3333333133 1911 3333331333
113 31-33 1311 3333331133 3133331333 33 1313131313 31131 3 333131 333131133,
3331333 33133 3331133331333113 3333313131 1313333113.

——- --υ --—-—-—-> »a-—-— -—-——- —-—-——-—--—--——-—————

1113, 3. mmmm 1.-33,

 

