1906 .· VII. 111. 131131333111113131131133 8333313131. 811

1133113 31311311 3331311133 1313111131 1333 3113131 1313313333 3131-
13111311 3131311331,13311 31331313131311333.

1313113333, 1331331. 33 3. 13131333133 31311311 3113131 111113313-
131331 33131131 13131311, 31 3113131 3131331313 31313131311313 — 113 =
legseljebb 11331 napta 13113113- 3131331 133131133131 113133111311 1333131313
1333331333 33.

Α st. 11111131.

1133311333113313133113111331, 13313 1133133331 3 1. 311111 31131313-
133 1113133113 1333113313 133311313 131131313133313131313333313131113-
131111311333131 1311 13133113 1311311311 131313133313331333313333113-
pinam: 3 1331133, 3 3133311133 3 31311333 13131 1313311113 33331
3133111131 3331311 133331333131 nem 333333113133,3131311313 31131
13313311 3131131131

1. ξ. 11311 1313131, 313113113111331313313333313131111333113, 3 131111113-
13131331 nem e's 3133331333 3131131 1313133331 33 111333131313133331331131.

1. ,1. 1111111 33 131331 13131311, 1313313131313131133133131 111111
1313131331 1331313133 133113131131 3331333133 133111313131331331131-
13333, 31313 11313133, 313131 3131331313333133 13333331 13 3131.

3. {- 11 1311131 1313 11111313 31133131 1313 13131313113113 13131133-
1131(1 1311313, 1113113311 3133 3311 1311333 33313133 3 131133333 133131 be·
31313131.

1. ξ. 1 1313333133 11113311333 3131 3 1331333133 1313113 1313311333
31133. 31313133 313131333131133 13131311313. -

5. §. 5311131331333311, 31311311 31313331 1133111333 1331 3333133131333
31131 1313131331, 313133333333 31311311311313113 13331131 33 3331313111-
133133331 13311113133111331 133331 3133111 3133. ,

6. ι31313113331313133111133131131 133331 31131, 1133331331313133
311331 1313313 131133 1331311,

7. 3. 1 3131131111 13131 3113333313 13331313131111133133313131313133133
1331111313131131. 3131131 3 13133131131131 3131313131131313113333 131131311
13311313133 1313131 133111131311 1313133313, 3 131313131331 33 3 1111131331
’33331131
J ,1 131331311311111 31313131131311131, 1133111133113331133133111311311311331
131331 1313 11111313 11133 131111111313133113 1311331311, 311313 31311331 3
1313131131 33113131131311.

1131313131 31131313131 3 13111131 31311 3313 1331 313331133113111, 33
3133 333133 3 13133131131311 31313 3113131311313131311131311131 13311331- κ
33311133 1313113 1313313333, 13331 13113333 1111331133113. 11 313333333
’13113 1331311131333 1333113 3113131 3 1313133113 3131131 1333313311131133-
gel, 1333·13133333113113133113333131 1331 1133331131, 33 331113 (131333133311
13113133 333313133331.

1131331313131131 1311311 13313131331 1333131, 3131113 33113 3 1313-
131113133113331 3 3131131131313131133333113 31131 1111133 133331 11333131,
13333133 1311, 1331 13313133 ‚

313133113113131 1331111131, 13313133 31 31111 113313, 33 313 1311131131
133331 11113113, 3131131 31 31333333331 313331133133313 31131313331ῑ

3) 3 31131311 3133 3313 1313131311 133131, 3333131333311133331311311,

133331313333133 13313331133 1313113 11311311313111333 11113311131311;

 

