11011. t. cz. 1111111911 1911111111 1111111-8111111111111911111. 133

1611111111 1111-1111111 neven 1111111111 111111Ιέ1, 111111111111111111111
1111 .

-—-.....-..

1111111111 1111 n 11111 1111111111 1111 1111111111111 111111111111111111. 1111111 1111111111111
ῧ1ῗὴ1111111111111311111111111111111111111 anyngi 1111111111 nngyon gyenge gondonsnban

1 11 1.·

A 1111111 1111111 Magynorsngon 11 ujnbbi 111111, 111111 111111εά1111κί 11111111 111111 1111111·
(1111111 111111111111111111 11]Ι111ι11111; nem 111111111111111111- As 8111111111ύὶ11111. A 11111
1111111111 1111111111 11111111 1111111111111111111111, 1111111111 1111111111 11 111111111111111
nn 1111111111 1111 111511111ῑί 1111111 111111111111111111111111111111 1111 1111111111 11111-
11111111111111111111111111,11111111111181111111111111 1111111111 11111 11111111 11 1111111111
11 1111111111ιὲ1 111111 1111111111111111111. 111111 1111111 1111111111 11111111111111111111111-
1111111111 1 1111151111ιί mundns, 111. 11111 11111 11111111111111111 n 11111 1111111111 s 111
111111 11 1111 11111111 1111111111111 11111 11 1111 1111111111 11111111 11, 1 moly 1111111 111111
11111 1111111 1111111111111111111111 1111 111 111111, W 1111111111, 11111- 111111111- 11
11111111111111111111,1111 111111 meg 1111111111 1111111111 1111111111,11111111111111111111
11111111111111111111 1111111111 1111111111.11111111111111 1111111111 11111111 meneket
111, 1111111111, 1111 1111111111 1111111 11111111 11111111 mog 111111 1111 1111111 1 111111111ιὸ1,
11111111111111, ment 1 111111 11111 111111111111 11111111111111, keresnednen pedig 111-
111111 111111 οιγ 1111111111, 1 1111111111 1 pon somni 111111 1111111111111 niues.

111111111111 antonum 1111111111 1511111111 111111111111111 111111Ιὸ 1111111111 uagyou gfitoljn
atermekeny 81111-1111111 11 ι 1111111111, hony 1 81111 11111 11111111111111111111111111 1 11-
{Alyannl 1111111111 1111, a 111111111111111111 11111111 1111111111 1111111111111111111111111111

1111111111. A 1111111111 1 111111 1311111111 iis-nes Agnihan 1111111111 1111111111 11111111111111.
1111111111511111111111311111 pedig 11111111111111 1111111 1111 111111111111311 1111111 1
1111111111, 11111111111-11 811111111111111111. 11111111111111511 1111111111 111111, 1111111111 u
omngoknnk 1111111111 11111 1111111111 111111 11111111 1111111 1111111111111111111,111111
:nlgnlntnsyfiir ι1111ιὲ 111111311111111111111121ὶῖ11 111111ά11111ἀ11111111ἱ11, volhna 1Ξ111ἷ111618 111ἷιν111111ἑ111ὶ11ἐ11ἑ
,11111111ῒέ111211111111,111111011111111111111111111-

111111111111111111 1111111111 a 1111111 1111111111 1111111111 11111111111111111111 1 1111111111-

ι 11111111, 1111 esan 111 1 1111111111111111, 11111 1111 11111111 1111111111111 1111111111 1111111-
111111111 11111111 1111111111 1111 minden javasntnak‚ 1 111111 11111111111111611111111111111-
11111111111111111,111111111111111111111111111111 1111111111111111111111111111. Em! 1111111
A 61111111 1111111111 1111111111 1 1111111111 11111111111111 1 1111111111 11111111 1111111111 111111-
1111111. 111 1111111111 1111111111111111111311111, nem 11111111111111111111111111111 igen 1111111
1111111111 11111 1111111111 1111113111ιί, 1111111111111111111111111 1111111111111-1111111111111
111111111111111 1111111111, 1111111111- 11 811111111111511 11111111 1111111111111111
’11111111 1111111111 1111111111. ’1111111111111111111, 111111
donner 3111111 s. 1. 1161111.

l . Α mayynr 11111911 1111111111 11111111111111.· 11 11111 11111111 111111-1111111 11111111
111111111111 1111111111 1111111111, 11111111 111111 111. 1111111 111111111111511111111111111111111
111111111111111111111111111, 1111Ιό11 1111111311 1111111111. 11111111111111 1111111111111131
1111111111111111111 1111111111 11111118ε11111. ι.-11.-111 111111111111111, 1111111111111111 11. 11
13. 11111111111111111111 magau, 111111 1111111111 a 1111111111 1111111 1111 1111111111111, 1 111-
111111111111111 1111 1111111 nvn 11111 11111ῑὸ1 1111111. h=·gy 1 1111111111111111111111111
1111111111 a 11111111111111111 1111111111 11 (gy 1111111111111 111111111111 ns, 1 11111111 &nong-

1111111111. 1111111111 a 1111111 11111111 hinnu-§fi 1111 111111, hogv 11 11 111111111111111111·

11511, 11111 1 11. 11 n 11111 1111111 11111 11111 . 11111 1111111111111 1111111111) 1111 1 11. 111-
1111111,111111111111111111111-5111111-11111111111111111 minden 1111111111111 11111111 111111
111111111111111111 kiilnsAgekhez. 1111111111 11111111 a 1111111 horona 111111111101111111111111111
1111111111111111111111111111111112111111 ’11ἱὲ111111111111111111
11111111 1111111 minden 11111111111111111 1111111111, 11111111.1111111111 11111111 11111111-
111111111111111111 hinnulos 1111111 1111111111111111111 11111111111111111111111111·
111111111111111111111 11111 11111111111111111111111111 111111111111131111111111111111
11111111 1111111111111111. 1111 1111111111 nan-[almam a szabnssn. 11111 13. 1111111111 1 11111111
11111111 1111111111, 1 11111 11111111 1111111 1111111111 11. 11 1.. 1111111 1111111111111111111111111
1111111111111111111111. 1 1111111111 1111111111. 111111111111811111111111311 11111111111111 nem
1111111111111111111 1111 111111, 111111111111111 1111111111111111111111111111111111
11111111111 11Ιὸ 1111111111111111111111111,1111111111111111111111, 11111111111111 11111 ns 1111111
1111111 11,1111111111111111 11Ιί11111111 1111111111 11111111111111111111111111111111111111.1113 111111 1
11111111111111111111111111111111 1111111111111111111. snm 1111111111 1111111111ιῄ1Ιὸ 1111111111
unm 1111111111, 1111111, 1 13-1111111111111111 11111111 111111111111111111111. 1111111111 magnulfi! mog-
111111, 1111111 11111111111111111111111111111111 11111 nrm 1111111111. 1111111111 1 1111111 ο1111ξ11
1111111111 1111 11111111111111111111111 111111 1111111111 1111111 1111111-1111111 1111111111 1111111111
1111111111 kimondnst: 11 11. 1111111 1111111111 11 1111111111111 1111111 11 81111111111111111111-

 

