178 1906 .· IIXIII. 1. cz. A 11133331 333111 11313113. 3133. 1111131311. 3131131.

331131133311113 13. 1. 1113131133 33113131, 3113113 3131311133 maga 1111-

13113 33133 1111)

5.1.1 333311 13 13113131 31113131311131 13133313 111113311331-·3
1331131311 3133 3331133113ηά1 113113131111 3113113133 - 3 333331 33331
131333 3133131331 13111311111 1111111113 1333111 3133111113 3133111133331,
3111111111111133311113131 pedig 11313131311311113 333 333131, 3133
13131113333133311111311133 113331 3 3331113333111 1133311311333131 13

333 33313111311312)

6. fi. Ha 33133313 1133311311333133 1331311 13331113 131333313113 31333
3131133 33333 331111 131, 3 333311131311313131113131313313 131331313133-
11331 31313313111131 331313131131 3313131133 3113 1311313133333111 11-
3333111131333131111133133 131131311 3 1313111 3333 33133311, 11311133
113331, 33333131 333131313331113, 33111313 333113 1111333131331111133
3311333113113331131 1333313333111331 13 111313333 3331113311331.

7.1.1 333311 13 13113131 3111313131 131133331 3333113331111313 131311
1113113313 33 33331 3133113 1113331133111 1331313131 13 3133111331 1133133
31313131113113 33133333 1113311331 3 33 3331 31133 311111333311311313113-

31 13 3333113)

Β8113. 111. 1133331133113311131 1133131 1111311311 111111131133113
1113311 1113313113133131113 33333131113133313313133111, 1333 3 333311
1313113131 3111313131, 33133131 3 331131333 11313111131. 1113111311 3331
1133331 3333 1113133 13 33 331131 31311113 11313111331131313113 3133111331
1113131133111331 31.

13111313131 11131333133111. 11333311 313113311131 1133131 1113311311-
31331331 13 111111111131331 313111131111133311133131 3333113113 33111 33
3113311313 3331311131133 3311131333 1133331131 13 313133311313113313131.

13. 111. 11333311 313113311131 1133131 111111111131 13 111331311313313
3333111313113131 3111313131 11333311 3 131311 1113133133 13 33 33331
3133113 1113331133111 1331313131133 311131 [3131131311 13113311131133131331-

1331113111. ²)

1111 I. 1. 3131 1313311133 33 1881111111. 13 1895ε1111111. 1.-3311131 11331111 13311311331331331
13131 33311 3313113313 1331313111 3 13333131 31331111 131311131133,333131131 1113131133,113
1111111111 11133311111133133133311331 131311 11131 1111111311111133113113331 113111, az 111331 33133311
3 13331111133331 33 1113311311333131 13331113113 131. 113 3 3313113113 1133113111 3 3. 1-33133111111
3131311313311311, 3 3333311311 33 1331111111 111331 1113311311333131331 33 111331 3113331131 11111
1311 131133331113113113333111 meg.

12133 1. 1. 113 188111111. 1.-31. 5. 11111 van 111133 31131 3111131113331, 13 3111111113 33111
Im 31331111113113133311311 11131331 1131133311 3 1111111111 11133311 1111331333 331 1131113113 13
abban 3333311113, ha 31 111111 3311133331ίὶ 1113111313313 333 333131113113131113133 13. 113 1881 :
XIII. 1.·33. 5. 13 333313 3 1111111113 13131311111113313331113 31333 3331113 11, 1333 33311 3 3311113-
333111 1331113113331 1331311131133 11111111 3133111111313131333 3313111. Ez 3133113113ιό3 3113111111-
1313133 311111133 3311 31311331 3311131333 1113133 6. 11331 31331111 1313311133 1113131133 1
1111111111 11133311 1111133133313113331311 33 1311113131113131331111313111113 331111131331
3311311331111111113111133313313131ς 31133 8811111111.1332.1-3333313331111111111111113-
3311 111111 113113111131 1333111311331133311 1131333311113313313113113 3331133311 1331311313
31333131 13 1331111113, 3331 313313113113331 333133 1313331333, 13333131113311131313113311131
1333111311 13 3333331113 1311131131 11313311133111, 3131 a 3313 3131311311 1111113 3133131133
1881 111111. 1.-31111133 3 1113311131311.

1811 6. 13 ’1. 11-3133 88111111. 1.·33 1. 13 8. 15-111 333331 3131 3113311331 1131331311-
131111 az 3 3111331113 333131111111, 13113 3 13333131 3 13131 11131 13331311131311 111331131133113133
1331311 1111313111331 131333313131 311331313113331 3 31331311131 1311 31311311 3111. 13113131333311
1133133133331111311.1111311313113131311113 33 31111 111131311, hogy 33 3113313131331331113
111131313111313131313311313333113131333133311,31111111331311 13333 13111 3313313111 3311111331
3113 111313, 1333 3333 131111133311311 13331131 333 13 ’11 3 113331131331333113111113 1311331131.

111118. ξ. is 31 188111111. 1.·33111 111. 1133113131 3311, mal 131113313113311,1331313313131

 

