116 1111111· X. t. 99. 1111911111· 9119911191 11911111-891999119199119111191.

1999. 9111, az 1999. 111 11111, az 1999.91191111.,11 1991. evi
· 1111111. 11 99 1901. 111 XXV. 1.-9911111 119111999999 99119999911119119, le-

9999 1119199199 111911, 11911 Η99111·81191999999119199111 191119191111191 19191199111 99911 999199 9
1911191919· 99191111191919911. 9 1991191 1191191 99111 11911911119 1911991 19. 919911111111111191 99
991911 1199911191 19 191111111999111191 91199111199 1111991 91119191191111991119191 1111119191 1119119
9191999119191919191 11991111 191, 1191191199111891919999991191199 19111 9191191 1119919111991
1191191191 19111911991199 119111 11199 1111119191 991199199919911991111911 1119191911199, 19 1119111119 9
9999191 9911911191 919191911191911. {way 11111191 91911 1991111191 1911191199999199991191,19191
111119119911 1911191 19199911 1991191111. 111191199191 9999, 19191 99 911111 199919191191 9111919911 19 99
19119 119111. 11911 91911 1911191 19199911 19919111 9 1911111191. 11191199919199119119119191191·
111911111199191119191191111 119919111199 s 99 919199 119119199191191 11919111911191119191 991911111-
91111911 191119191119199111 9 9911111191 11119119 9 9911111191 911 1911111191. 111111 11111919 91991991191
199111191, 119111 [9119111111 911111111191911 9111111199 1911119 9 19199111 9999 19119191191911119,
hog 91919991191 9111911999111. 9911191911, 91191119191111191911111199919 ,991999191199119911
suf 91991. 91111-8919191199991119111119911119 91199199 9199991 9911991 99 919199191119191911111,
91991 99911 11111111 1191111-191919191991191199 19111 9111119119 11991, 1911 99911 1 191199919191
911911991119111111991111111911 1111119111911 911, 91119199991191199111199911919911191991911119,
91191199111991111111 111111 1911999191 91111911919119191119.1119119911111911911999119911991199
11199191911191 1991911111911 1911999191 91119119119191991199 119911191911 1111991911 1911991991
9 91119191991 911991199 111911 991 1111191111, 1911919119991191 99111191 1119 1919111 911 11 1911119-
11191111111111999111 91 9 119119191991119 1199111-8919199919911991 11191119119191199 1111191191 9111119
11199119111. 9 111111911 91111111 9111919191 199999 1199911191, 9119111111 111991919119111111 1991. 11919-
1911119999111111. 19111 99 91191199 91111911 is· 1111919911 9 1191119111 1111991191 11191111191991
9911- 19 191911111191 1111919191991, 11991 1911191111 1111119191991 s 9 1111111999 99199111191119191911
1111919191 1119191991911191 9111 - 19 1199111-1919199919911191111 99911191 - 99 111 19991919119
91191911191 1199111-59191911999911911 1911191911191 ι1919191199991191191. k. 19 91191911 11119919191991
99119111 9991911119 9 199111-5919199919911911 1911119119 1911111119 1119919199 11119119111991 1999111999-
1199, 9191911, 19119191 19 91111· 1919119199119, 99 11911911199119119 s 9 1111191 9191119119 19991-
1199119 111191 911 1999199911 1911. 9 91911 9 111991111991111911199911919191 1191911911 1999111119199
1919111119. 9 9991119 9 9911111 1111111111 1119119111 19111991991191911 911191111911119111919111199-
11119 S 991111119199911199119119111111 99991 99 9111111191911111119 999111 11111 1991911 9119111 11119-
9111191111, 19191 9 191911191991 11 9 1191991991111 1111999119 1911919111199 9 1991191191999919911191991
91199 119991 1119111 11119111199911919911,99919119191191111199911991199911919911191011191·
199191111191991991 1111199111911 1919191 1111191119 99111 199911199191111111.

191119111111 1199111 9111 91911991111911111111919191191 11199199, 911191 91111999119191199191999191-
1991119119119111911111191111111911111 91199191919191. 1119911 111191911991119111111999191911 99
9111199111 119911911191, 1919911111 9 9191199191191111 91991199 1199991191 1911991991111199119991-
199 1911191911919111911 9 1111111991 11119199191 1919111111 1911191119 191. 19111 919119191119119919 a
119199191999111919,119111191111-1919191191191191 191119191111 91191911911111191199999119111911919-
9991119 9 1911111919911 9991 1991111191 11119119 11991 1911 91999 9991111199 9 11919 11911991 191991-
1119, 9111919911 19111911911111 99 mamm. 1191191991111991 991 9 9991911991911, 1911 1199111-
8919199919911911111 99 9991111-1991199 111919 11911991111 9 919119119999991991191999111119 91-
199, 1919111191 99 919111 11191199-1191111 111911 1191119919911 191199 1999911199 9111119991191191191 9
9111991111 1111919991 19991111111111, 91191 9 111911991191999 91991191991 111111 91999. 111111911119199,
1911Η91111-8919199919911911 1199991919 1911 111119191191911919 119111911119991111119991 991-
911 9911119111-1919199919911919919111999911199991919991 191119 1999911199 111919119111, 199119
119 9111999111 1191199199 99119111 11191111 1191191111 191111, 1199119191, 199991 19111191999111119119,
9191199 111111-11111 11911111191111 1199111911 911999111191199 919191. 11111911 99 9119111 199191119919911911
9 most 919191119111 11191111 91199911911911919199 9991 111191911111 9 11919 1191199199 99 91111 9-
9119111111991911191911191 191191 1911191911, 1911919 911191911111 91119991111911 111111191991919-
111191 19111191 9999199991 9911191119191119, 9991 19111119991991111 911911119119.

111-111 9111 91911 9111111911 991 9 1111991991. 1911 9991 a 1191191119 11191191 119111 99181111ε1111.
119119119111 11-111, 12911199 1111991911 11919 11191191-1119111 1191199191, 9 9191191199 Η99111-8919-
19999191111911999111111191 11119991. 9111191 9111 9191111911 11199919911199 191991111991 1911191199
199119199991199 1199111111. 119 11991 1919119 91 99191111191991199, 19111 99191, 91991 19199191 11119191
19191 119111 9 111919 11191111-191111 11191199 111111 11991111 1991191 1119191191 is 19119119911,9119119911
9119 1191911991 119 19119991 1911111119111, 1911 1911 11919 1999199911 111911 1111911191 9911199
11119199999911 1191911991, 19991911919 1999199911 1111191119 Η99111-8919191199991191911199919191-

1111191 111119191911119991 1191199191. 19 18118ε111111. 1111191991111 Ξ1-111. 1-91199 [91999911
11919 1991199-191111 11111911 9111119119 199111911 1191999191 191119 91911111111111191191991911. §a
111911191119911111·1 11919 91911199-199111 11911991991 1911111 11191, 19191119 9919119 191 999191 a
1191199191, 9 1991191 99 911119 11191911 119199191111 91119191111199 11919 19999911 111919 11911191991
1911911111. 1919911ε a) 1191 911 1919919119191191 9991919119 1111911111, 9191191 19111 9 191991919-
199111911 11119911911911 1991919111 1991119911111 1999119991191191191111919 91919191 191911119 191111-
191991, 9199111111199 9 191111 1191-11 1999919191191 1919111911191111-89191999199119119919191 1991-
1111999;1191111191191191 1111999111991199199111919111911191 1111911911, 1919111199911111199111-
89191999999119119 91919 9919 1 99 991911919 111191199191119111ς-19911911919119999199, 11911 99

 

