161 1906 .· XIX. t. cz. A 1333-11311133 3333333331 33333311 13. 3. 3333133331.

33 331313 33311333 33 1881. 331 XLI. 13133333313333311311313313111331 333
113311133331113133313111111131313111311·3333333
3333311133 3313 3333333333, 331333313333 3113313333 33333 3333331313 11331
. aze 13331333 13333113 3333333333 3313133333331 1133331133.

3133 3331333331 333113333331,3331331333331, 33333133333 33 ,3113333333
313311311ἒὲξὲἒῆ3111ζὲ131313 13113111133131331313ζρ
3 3313313 3313 313333133313 333313333 333133333333133331131333 13133333
333313 3 33133333313333331 3333331 3113131 3313131311111 3133313333 3133333-
3311 33333313 3133333 3311131;313333133331333 3313133 3333331333 13133333
1333 3331333331 11333333 3331333333313 13331, 33 3333333 33 333333133313133-
333 3333113333 3313 333113333333, 1113133 333113333331 3113133333 3333 33331·
133333 33333 3333 33331133 (33333133) 3333331313, 333111 33 133133333333·
333 33 3333331333 13133333 3333113333 3313 333113333333 3333 3 331333
3313 3133331333 3331333333133311311133, 33313 331333333133311331 3333331
3113131 minister 33133 333333133331 31313311131311.

Α 3333331333 pedig 1'1gy 333313 33333, mint 3 333313313333333 33 3313-
den 3333311 1313 3313331133 1131333333 33 1113111 333311 3311313133 333311
333333333313113 nem 1333133, 3 13113131333133313333113133333311333331
3113131 minister 13313 1331131311 3133 33 313333111313313 33333 3313133333
me 3113 ilani.

Egngeflfflyes 13133333333 3 3333133131131 3133113333 33131333113333, moly
3331131 3 3331331133-31333331 33 33313-3313331 3333133333 3131331311
h. 3. 3333133331 13313113 33333331131333 3331131331 3331133 131331133113113331
3113313133 3133131331 3311333313331333333 333313133331333, 33 3333 33333-
33113133 1313133 3 33333333-3333331 33 331313-3313331 333313313 133-
133313 113313 3333113331 13313131 3133313, 333331333313131-133313131313
311333333 1331311333.

6. ᾖ. 33 3333311311 333313333133 1333113333 3311331 33 33131331331133331
133313 1393130110 11, 333311333331131311111331133333333313333331 3313331333
311331113113 meg, mely 13331331 131331131 33333333 333331333313 3333331333
33133333 9630110 3313331, 131131333133 3333333313 1331113 1313111111 3313331
3111311.

11131131333133 3333331133 33311311 3131333 33 3113331333 133333 31333333-
(1313331333133313133333ψ 33131 33331311 —- 1331333333, 3133131333 33
333333133331133333111313 1333311.

Α 131131333133, 131331131313133 33333333 3133311313331131 19. ,1-331131-
333333 3 131131333133 3333133313 1313113333 333333 3333131 13 3333 3
331333333131311331 3333331 3113131 331313131131 3331333331 3133313333 31-
33131333 33333313 3133333 133313133333313313.

7. ὅ. 33 3333331333 13133333 3313133 3 1313311311 3333333331, 313333133
333313 33 3311133331 33 33 1131311331 33333313333 3133333331 3333131 13 3
1331131333 3333313331, 133313 13333133333 3131 3333 3 331333333133311331

11333331 3113131 331313131131 3331333331 3133313333 3133133113 33333313 3133-
133 13331 3113131333 helye.

8. ᾗ. 33 313331131333331 313133113333333 3 3333331 3113131 33333311
31133333333131333 3311133331331 3133 131313331 333311 33333 13331313133111313
331333 1331133331 1313131333313131 31331333331 33333113311311 13133333 131133

 

