BETURENDES 11111111111

az 1906111 111111311111.

Α1111111111111901.111906.111111906;ΙΙ. 11331111111111 1111111111 1611111111 1111-
5. 1. 111111 11 11111311111 100111. 6. 1.

11111111 1111111111 19011111. 1113111111 111111111111111111111131111111-

1111111113111 111111 111111. 111111 111111, 111.

1111131111131331 1331111113 1 1111111 111111- 1111111111 ipat 1996111. 7. 11, 11 111-

11111111 1906111. 1. §- 11331111131. .
> - 01111111113311 19061111. 1. ς. 61111111113111111111111111111311 1111111111.
·.· 6111111111 19061111. 1111111111 11111 1110111111. 1-11.
11111131111111 1111111 111111111Ιωί 111111111- Η1111111111131 113 1111111-811111111111311111

111 1901111. 10. 1906ε1. 1.

11113111111111 1111111. 111111 1901111111. 1111111111 1111111111 1111111113111 1111111111.

1-11, 1111111111 11111 1901111111. 1-11,
-111 11111111 111111 1901111111. 13. 11111111 111311111311311111 190611. 7.
1111111 1111111 111111. 11111. 19061111. 10. 111111111311111 8111111111 19061111. 11111111.
611111111311133111111111111131111311- 1111111111 1111111-811111111111311111 7966:

11111111 1331111111 1906111. X. 6.

-1111113311 133111611111111 190οε1111. 1131111111 3111111 1136311111 190111. 9,
1113111111 1111111111111 1111111111 111111- 1111111113111111111111111 1906111.

111 19011111.. 111. 11111’11-81Ι111111111311 1111311311111 1111111311
11111311311111 1111111311 1111111-811111111111311- 1906τ1. 3,, 1. 6.

111 1906ῑ1. 3. §. 5, 6. 1111111·811111111111311 1111111111111 111111
1111111 111331 11111111 11111111 1906ι1. 6. 13311111111311111 1906 : X. 7.
1113111111 111 111111 1906 ; 11. 1. 1.,1906ῑ 1111111-611111111111311 11111111111111111 11·

11. 8., 1901111111. 1. 1111111111 1906ε1. 1.. 6.
11111113111131111111131111313311111111111111111 1111111-811111111111311111 1111111111 1906;

1111111111 190611. X. 7.

Bor· 11 11111331111111 111 1111111-8111111- -311113311331111113199611.

1111311111 1906ε1. 6, 7. 111111331111111 1111111111·811111111111311111
1111111111 1111111-811111111111311111 1906ε 190111. 6., 7.

X. 7. 13111131331111111111111111 11111111111111111-
11131111111 111111311111111111311111 1900 : 111. 311 11 13311111311 1133111111 190611.

3., XXl. 11111111111111111 1906. 11 1906. 11111 1906;
1113113-11311111111 1. 1. 11111 1906 : XV. 11. 6. ξ.

6111111111 111111111 1331111113 8111111111 1111111131906;11.,1111.

1906111. 13. 113111 11311111 111111 1113111111111111 111-
61Ἡὲ111111Ῐ1Ι11-11331111131 1. 1. 11111 1111111111 1331111113 01111111113311 1906ε
61113111-1111111-111111111113111111111111 11111 111 1906111111. 11111331111131.

1996111111. 13111311111113 111111. 111111 11111111 1111111 ’
11111111331111111 111 (8111111111 11111111) 111111. 11111. 1906111. C) 11111.

1906111. 6. 11. 11111331111131. 1111111111 111 1111111-611111111111311111
1111131316 111111111111 1. 1. 11111 1906 : XV. 1906 : X. 7.
1)]111111-1111111-111111 11131 11111111111 1111111111111111111111111111-811111111111311-

1906 : xvm. ; 111 1906 : X. 7.
Ε1111-11111111--1111111 1. 1. 11111 7906: ' 111111311111-113111111111. 1. 11111 1901111.

XVlll. 1111111111ιί 11 11111111111111 1111111 biro-
Fogyaszuisi 1111 1111111811111111111311111ςΙ 1111111111 190οε111. 1, 1906111.

1906ς1. 6, 7. 7- 01111111113311 1. 1.; 1113111111 1. 1.;

 

