170 4906 : ΧΙΧ. 1. cz⁴ A 1188888189 8888188881 89888811 1. 8. 8888181881.

8881181181111888818888881818181881, 8881 8888888881, 881818888881, 888-
8181188888881, 8888818188 88 8188181818818881881 888888818188188888118-
81188888 88888 - 881888. 881 lV. 188888888111 10-11 §- Aban 1881811
1818888888881 8888188188 1881888 81811811 - 8818188 8 188881888188811881
88888881188181 8881818881, 8 88888881 8188888 1188181 8881818881 88881-
881818881888888 8811188888.

A 18818881881 1888 11881888888881 88888 81811 18818811818888 1818881881
188881 8881888818188 188888 8888811, mint 8 88818 18811811 88 81881818
88 88888818 88888 18818888 81811188188811818.

A riszvinyuirsasig 8188888181881881 minden 8888811888, 88188881 8
,8818818181 88 8888888811 8118181 888881 888881188181888 - 8188881188 88
8888188888 888811 - 8 18888188818888881 8888888 1188181 8181818188 181-
188188818888188 8 minister 81181 8881188 88188 11888188188118881 181-
181188111 18888818811881181.

18 818888818188118 8888888888 181888888, 1888 88 888818811 118818
188818188881 888 8881818888811 8818188118 888881818 8188188881 188-
181818188 8888188888 188111188881. 1181888888 1888118 88 18, 1888 8888
888188, 18 88 81811 8888118ρί181 888888181881888 818118888881888118888
811811 88 888888 8888888881 1881888118181 nem 18888881; 8188188818118881
88888111 888888888118188888888188888888811 1888118881 8888 8 8818888188-
811888811 1888811881 88 81188881 nem 1888881181881.

A 18888888 118818188 8881888188 88818811881818881888888.

20. 8. A jelen 88881818 18818818 8 18811 1. §ban 1188811 1881818888
8888188888818888818881818 9. ,88881 8) 888188 81811118881181181181888-
mai 88 88 1880. 881 XXXI. 188888888111 11. 8-8, 1118188 88 1888. 881
IV. 188888888111 ⁶2. ,88881 1) 88 8) 8881881 8888181 88 811888888888118-
18811811 [8888811881 jog ‹ipsigben 1881888881 11183. 881 Aprilis 11-88 881811
11 888188 jair 18.

11888 188 1818118881 88 8888811811888818888181 88 8881888888 1881888181
188888 881818888818888 8188881 818888888811888 18188188818 88 888-
bad 1888888188881818, 1118188 8888881888 1888888888881888188181 888181
181888 88188188, 188888 88 1818888818888 18818888188811818881 818881. “

18 8888811811888818888181 888818188881 88 1181818881 8188118888, 8818-
88181 az 8888811811888818888181 88 18818881811881 111888 1818888811818818
Ι1818811881 8888188181181888 181181818188 88 1888. 881 IV. 188888888111
1. 8888188888, 1181818888 8888 1888888 10. §Aban 188181118888-
88181 1888881181.

18188088111111. 188888888111 1. ,1811888888 1888. 881111188-
888888111 1. ,81881 8) 88 8) 8881881188 818181 8188881188 88818188 8 meg-
8811888181888181181181818188 1888888881 88 1188811188888888111811818-
8888181 1888881181.

181888. 881 IX. 188888888111 1). 88881 8) 8888118188 18881181 8888-
881881 jog 8881881888881 1881888818881 1013. 881 Aprilis 18 11118 8118-
81118111 meg.

[1888 1188888188, 881818 8888881188 888188 1188881 8 8188888 811881 88181
8181888818, 1181818118 88 1888888188881818 8 888818888181 1881118181 88
1818881, 8 18111- 88 88888181818181, 8 181- 88 81881188888181 minden
1888818818881181, 88888181181881181 88818881181, 881888888881181, 181- 88
18881888181881181, 8 888818888181 181818188 1881888 8881881181, 88888881-

 

