811 1906 ; VII. 1. cz. 1133331311313313333331133 8333333331

333311331313131131333113 51 3313333333 13313333333133 51 3313333333
31331331), 3 33331133133311 33311331313311311 3313333333 133133333331
331133313333333 31313313 133331 1313333113131. 113 13333131313333
1333131 133331 3333113133313111311 333131, 31133313131133133 133111
1111111111113111111113311131111113111311113111131
1111111111831311ζῖ311’11111111311311ῗέ11ῗέ113131
1333 31333333333113 1311313131.

,1331333133 3313 333113133133333113313133 3331331 13133133113113133
1133113331313131. 3333 33333333331 133331333331131113133331 1333333131

3 3333331 3333133113 131. 3333333131331333131333111 131131 3313 1113333-
33313311331313311 811000 3313333333 333331333133, 100 13113113
33311333 3313 33311311;

1333 33113333331 3133131133 3333131 33333333, 33333331133 3113331133 3
3333331 3313133113 111. 333333 3333131, 331 1331313311 1500 [3313333333
messffieffiggsssiqgjssassikffla} ί33η133313131131133131311333 3333333 3331313113331
331133 133131331; 3 3333313133331333 3 333331 1313331333313311313 3313-
1313133Κ3331333313331333 3333133 333133 3 33313333331133113113331133
1331331.

8, 13 3113131 33 3331 31311313 1333313131 3333331 1331113133 1333331311 3
33333331 3313333 31 3 3313333131 3313313 33 3133133113111333313313
meg 333 33333133. 1133331313333 meg 333 33331133 333 3 33331133133311
33 331333331111, mint 3 331311311311 3331113313133 31 83133333111 1313
3333331 3113131331 33 3331331, 3331331 1331113133 1333331111 3 3333333331
33133131 31311313 33 3133331.

Α 833333131 33313311331113133 313 333133331 3313313 3333 3333133111311
13333133 3313 31311311 33331313 1333113313133, 33313 3 331333333111, mint
3 3311311311311 3331331 3331133131 333131131133 1333311333331 113133113331
1313131331, 3 3333331 13133131, 33 3111331333311331 3331 1111331311311313 33
8313113113133 (8313333313133) 1333331111 83133333131333133133318313333-
13111113 333313 31331333331331-3333331 1313311331313333 333311333, 1868
Julius 11-33 1311 3333331133 lV. 331113133 11111311333133331331131133311-
33311333 (l. 3 3331331133 11. 33111 3) 13133311 313 33131333133 sog 13313133-

” tami: 1333 3333 31- 3 1333331133 3331331 1331313133 1333111 - 333-

1331 33333113333333331 33 33 3331331-1333333 333333113133 3333331331333
33131331 333131331331 1333 31333133, 11133131131311133331333113313133
33331133 1333, 3333331 113313133 3333331, 3 13133333331 31131333331131,
3331333331 1333333133 3331331311 3333333131 313313, 1333333333 3333 1333·
33313133 1313331 333333.

1333131133 3 1313311331313333 333311333 333333133111. 331113331 33
33311133 3133 3313 333131 13333133111131313133333133331 3313 3313131331.

133133 3333331133 333331313331 33 1868. julius 11-111 131331133131331
3333331331313313313331 33333 1333313133111133 33333133333333111313133131
31133 33 3331133, 133313 3333 33133111 jelen 1313333333333331 meg-
3311333 11331 3313311333 13133 3333133111 333311333133.

A 3333313333131131 33131333133333, 31313 33 333333313133 1333, 133333·
333 3333 133333313133 3333331 1313331 3333333 33 311-133313333113313331

 

