1111 19116 .· VIII. t. 33.1113139133339119313933313333 8331333331. ⁸

a 8111331 5311131313 331133131333333

113 1311113133 13333311 111331. 1331113111 111331311313331131311333311
3131313111 0 33133331 tis apostoli kirIIyi 1313131331ς

kik 131Ιὸ 31311133 1111111311 3351331333113311 11131133 3113 3 1113311336
131313331311133 1113331131 meg:

I. CZIKK.

A 1131313111 5 11131311311111 3331 1333333111) 131νό 1113313531 131όί 313 313
1333113311113 13331131131311131 3131313311 131111111111·133ἓξιι1οἰ31ἑ1131θ1ἑθῐῗὶ1ξὲ
111111111111111111113111111111131131111111,311333
3131331333, 3331 33113331113131 31313133 335133311313311 1313313115

333111.
⁹2. CZIKK.

Ha 3 133311 3331311111 111 3333333133 1311313331 111313313333311331
1113333131 ugy 1113313111; 3 3331311116 31133131 1131631331 oly 1331311331133131 .
13131331, 3131331 33 311311 33111133 Is 33 effiidejfileg 3131131 1313313131311
3331361113 I. 3311131133 1331336 zIrjegszIkiinyv 8. 131133 3331113311311
131111333313131333333111111 e's 3 honi 3113111133313335133313333111131331·
1133 3331111111 3113133331.

111331311311133 13, hogy 33 33 311131, 3 313133 1131113311 1313311, 113333·
3313313131· 3131313331 313351131331 1131133311 311, 111er 3333133 33 31131-
tulajdonosra 31333 dijmentes; 1333111111, hogy oly 31113131, 3 1331331 3 113· ’“
11133 131 13113113 betegsieggel 131113111111311313331113311311 31111133 1113-
113113 vagy 1113331133111 33131133131,313131(13333 131113111113113131113-

1333311161.
3. CZIKK.

A 3331361111 13131 3331111131 131113131νὸ1 3 3131311331 1311131313 1113111131
1113131 11311313 1331113313331 31333 3131113113, 3 1333311133 33 3113131
3333111111 3513331311313313331163 1313331313 111333 31311311333311113333-
311131 13333111 111333311333131131 1311113, 3 1131311311 13331163 13133313311111

111311111131 11)’1111311311131,13131131 1331351133 1111111311 1111331331 Is orszzigokban esessog urnlkodb
111311 1111111131111 1135311311 1313131333 13 3111311313 1333111311.131113133133313111111 3333331331161
33111111113313133131 311313113γεί11333333313131113331, 1811111111. 1.-33. 3311331331 meg 11331
1313113111113333111 13111311 3113131111133131 1113111133 3331333111131111113331111313111133313111313,31311 3
1113333313313131 113111 1313131131133 1113133333 333 13113133. 3131311331 331113 a kfizgazdasagi biton-
31113333 . . ,13111131313311313, 313113 «5111333331 1111111. 131 1311331113 111111-1311111111311313131311
1331311113 11333111313331313111 33111 1111113113133131131 13333313133311 3111311333131311. 13131111 a 13133
111313313331311331 3333331133 33311331 3 3111331 1313313131311 ,333331113331 31131333 33131131133111,
113331. 1313 1113311133 33313333 1333311133 Is 333331 13111313133333113313 3331111131331313131311
1331311111 1313113113 1333113311313331313; -» 1111131331 11333111 33 111313313333111131 1331131113 1131
11311131313311133. 1311331131111133111111311 1333111311 1113111 3111311313 13113111τὲ13 13113311. 11111131 13111111
111 nem 11133311133111131131133111 331113333311313 131331311311111 3313111133 113313 11113131113111313111311·
131113133111111131331113 3 133311131133131 3133111113 1311111111 13113331, 1133331 ι 1113311313 31383316331
31113 a 3131111311 33333331ὴὸ1 3 1131313131113 3311131)’33311 33311 3333311131 megIIlapodIs 113133,
1333331311113 13133113111311 1113133333 1311113131. 11131111 131111 3 [3111131111 1131113ῑό133 11 11113535
3333311131 3333331133 31113111111311131 1311313113 111313331311111113 1131331313131 31311, 3113833131ςί
1113311313 3 1313113331311 111. 1313111111311311313313131 3 1, Η13331 111311333313ξ11311 Is 313313131131
3113331133 31111113. (1111111111. 1116. sz. 11111113111113111331.)

 

