101 190111. t. cz. Az 1906. evi 1111111 1111111911ωό1.

111111 111111
V. 8111111111 1819. 1111111186711113 3. 811111111111111111 11 1111111111-
11111115 1111111111 11111111 11111111 ο1;
111111111111111111111 1. 11 15098 β1111111111111111111 1111111 81100300
vl. 8111111111 ugdijak: 1 11111111111111111111 11177031
10111111 es: 1 111111111101111111 18050
8111111001. 5038 18111111111111111111111;
1111101111 1111 11111101. ’
311111311011111111113 ,,,,,,,,, 91316 11111111 1111111111 1,
111111111111111111 113078 5.11111111111- 11111111111111111111-
10 cs. 1111. 111. 1111111 1111111111 11111111
1811111111111111111 11 11 1, 871711 1111601111 1. 150000
6.1111111-1111111-1111111 ministerium 11711 1111111111 11 3000
701111111111111111111111 11 mmo 1111111111 111 1111 1, 1010
8191111111111111111111 1. 0088000 6111111111ςί 111 1111111111 111111111111
9. 1111111111111111111 ministerium 1, 1900000 11 1896.11111111.1-111111]111;
10. 010111111111 ministerium 1705116 8111101111 1, 310000
Malus-&hm tausfigyiminiswrium 1358000 11111111 90000
11111111111111111111111111 5.237‚000 11111111111111511 1, 1, 9000
18111111111111111111111111111 2738‚000 111 1901. 111 V. 111111 11111 ·
1111111111. 1111111111 ο1; 711-1111111111115111111 11111-
1111867111111111 111 11101111 11111111 11 113111111111 1111111
ἕ11111111111111 11111111 1111011111 1111111111 11111111 11-
11 1111111111, 11111111 0111111111.111111111111005
Ξ. A: 0111111-111111111 11111111 111111- sous* kolcson:
11111111, 11111311 111111- 111111111 1, 1111111
111111111101111111111111111111111. , 11111111 111 11 81000
11111111 11111 1111111111 11111111111111 911 188011 ., 1881111111 mn,
1118991111111111111111111111111 1887;ΧΧΧΠ., 18881111. 11 1892:
ΙΙ. 111111111111111 11111111111111111 111 m. 11 cz„ 1111111 1111111111 lvo-os
911111111111111111111111 360000 111111111111111111111-11111111

[111 11111111 11111 Ι1111111111 11 13050000 1111111111 111111 1 111111111111111111111111111111
1ὴ131111111ἐ1 1111111111ἀ1111111111 11 11111111. η11 1111111111111111111,ἕξπὼωιιὢὲιι1111κ11111έ11111ω111111111133ὲ
111117111ι111ειὸξ1811111111011ᾳ83101111002ἕθο11011 11011-1115111111118 171111οῃ111 113οἴ111111 11Ι 11111ἓμ10110 azei 111111
1111111111) 111111 11 egy 1111111111111111111 1111111111· 111111111111. 1111111111 111111111111111111111111111
1111111111111 1 11111111 111111111111111111111 1111111111 11111111111111, 1111111 1111111111 1 jelen
1111111111 1111111 1111111 111111 111111111111111. 11111111111111111111111111111111011,1111111111-
1111111111111111111111111111111 111 111-111 11111 1111111111 11111. [gy p. 11111111111111111111111111111-
11111111111 111111 11111111111111111 1111111111 111111 11111 az 111111111111111111 1111111111 1111
111111311111111111 1110111101 1111111111111111.1111111..01111111111 111111 111111111111111111111ᾗ1ἑ11111111111
11 111111111111111011110011111110’110111111101111111,ξὲ 1111101111
1111111111 1111111 11 1111111111 1111111111 11 111111 1111111101 111 1111111111111111. 11111111 111111

1111111111 1111111111 111 1111111111 1 Ε11Ι111111111 11111111111111 11111111111111 11111111111111111111,

ho y 11 1111111011 joga 11111111 11111111111111111111111.
{a 11111111111111111 is 11111. hogy 1 1111111111 11111111 111111 1111111 11111 1111111111111 1111111111111-
111111, 11111 111111111111111111 1111111 1111111 1111111111111111 111111111111111 111111111111111111. 11111
1111111 1 1111111111 11111111 a 111111111111 agen 1111111111 11111111 meg, 11111111111111111111
11111111 111111101111 1111111111111. 111111111111 11 11111111 1111111111111 0111111111111111111 11111 19011 1
Ι. 111111111111111, moly 11111111111111 111 1111111111 111Ιὸ 111111111111111 1111111111. 91111111 11111111
ῒτὲςῶξΙΙῗιί 111ὲ11111111111ὲ, an'rtkhffizu 1111111111111111 111(11111ἷέ111ῐὲ11111111[11111111ἀί1ἰ111111ύ111111111ὲ1ὲ11ὲ1. 11ςοί
11111111.11 1 111111111111111111111 ss 1
1111111111 110111111181111101111111011111111111311111 1111110111 1111111101. 111ῃο011100οἛ
11111111111 111111111111111111111111111111111, 1111111111 11 19111 111111. 1.-1111111111111111111. 011111
1111111111 11111 1111111111111 1 111111 11111111111 1111111111 1111111111111111. 1111111111 11111111
1111111111] 111111111111111111 11111111111. Es 11 11111111 &pen 1111111111111111111111111111111111111111
11111111 11111111 11 1111111111 1111111111111-11111111111111111, 1 1111111111111111 111111111111111 hillen.
1111111. 1111111111111111 111111111111111111111. De 1111111111 111)1 11111111111111111 1111111111. hogy
1 111111111111111111111111 111111 1111111111111111 111111111111111 Ha podig 1111111111 11111111 111 1 11
1111111111,1111111111111111111111111 11111111, 11111 11111 11111111 111111 111 is, hogy 1 11111111
1111111 1111111, 1 1111111111 11111111 1111111111 11111111 1111111111 1111111111. 1111111111 1111111111111
11111111, ho- 11111111111111111 111111111111111111111) 111111 111111111111111. De 111 1111111111111-
11111 is. 1111111 1 1111111111111111111111111 1111111111 111111 1111111111 11111 11111111. Ez podig 1111111 111,
hogy 1111111111111 egy 111111 111111111111111111111111111 11011111. Α 11111111111 1111101111111,
1111111111 11 1901. xl». 1.·11.. 1111111 1111111111 11111111111111, 11118101101111111111111, 11111-

 

