1906 .· X. t. 01. 111111191101101011011101011-81100000101190111101. 131

8110100010111101 11011111 110110οι0111 1111011100 0 0101110 01110, 01
1903.110110101011110, 01 1903111 1001001100 0101οό napjziig 111101

---.-

torona 1100100 0011111100 111001001 1881113781101,1101111-10811010001011001100 1111111311811101,
01 1011110011 131110. 010101 1011010110 0111101011 0100 1110101001 11101·101000110.11100101001
100100 001001 0001001111 0 1100-01, 000110 001101011011101 0111 1110101010 alig 00111011 110-011.
11100 0110110100011001 0111 0001 010101 0101011110101100 1111110111, 0010100000 11100 1101001011ιο
1010001, 10011 0100 1111101101001 0110011 011100 1011000 100111001οἰ0 a 101101111011101 is. 11101
101100111οἰ 111111. 010110111110001 1010101011, 01101 0 111111 1111101 0 1011100111οἰ 0111001 10
1011110 111101 1011010111 100 0 8 gs 0 11101111 1111000, 1011 0100 0101010011 0111000101
101100111οἰ 01111010101 1001010τὲ100 10 1110101101100, 0010100000 01 1001101100 11010011 0100
11010101110 101001. 100101101101811010001011101100 1011001101 11111101 01101 0111 1101101·-
111111110οἓ31’1111”’011111111Ηξ11111111011111111111111’1121101111
00110 1000000 1101013 000 000 0. 100010 1000000οΪ0100100101100ιο 1οἷ
1111111 1111111111ἒὲ11..111111118111111111ἓὲ 1111111111 “”11““1“ἳ”““ ⁸
01111101 ’1101011011 11110111. 0100 1110101001’00111οΥ101 is 1110011001, 0110811 1111101111111811211
01011101 1111001οι, 110111 11101010110111011011 01 1100100011 01011100 01011010110001. 11111100 mig,
1011101 00011001 100110101011100 10100. 100001 1011010100ἀό 100100 0101010010 1000 01. 011100001

011110111οι11 1010110110. 1011110 1101111· 10 511010001011101 1011100111οἰ 1111110101100 01100011 ’

immun 1100001110οι 1110101101101, 101011101011100011100100 11111 1110101011 001001 11011011

Δ 1011011011τί0 1110110111010111011111 0111110111 10010110 1011 1881110011 101101111011111011001-
11110011001100. A 11011115110100- 11 110101110011001 1111011011ῐο 0110 1110101011 1101110110011111-
111110 11001010 10 Ηο1010101101001 01101 10110110 [01111011 11111001, 1111001101 01 100100 0111101111
10,0100101010110110010111001 0101001, 0 01110111011110101110101011 10100111110010111011-
1111100000οΗ1011110110100 0001101110 111011011001 01 0 1110111100, 0 011 0110011111110, 10100101
80010ἰο 10 110111010110110 0101011 1011011010101101 111011, 110101101ιο 10 11101011ς 0101101101010111001
11011 0111011011 0110100 0 1000110111 1111110100 100101111101111101 18811 1111011111110011111111-
1101, 1111110111 111811. 111 M„ 1.-01. 6. 0101οε11000 1) 001111111011101101. 11 01011 1111110 01001110
111110110111111010101011010 is. 1011101010 0110001101οἷ 10 1011111101ιο1011100010110011 11110110-
liris htzvusfixhnak 0111111 101100101101, 1111111110 0 1101100110111 01 0111010101 is. 0 0101101 0
1011101111100111001 0101101. Α 11111ὄο 01011 101011011ήο 1011011010 011 1111010, 1101101 18811. 111
0110101101 00111011 100101101100010110101100 110110111100111, 0101 11110 0101011 11101. 1001011, 11011
1101011011101100011 0 1111110 011ξο 01, 0 01110 1010110101110110101011. ⁸

1 111110 101110Ιο11 11111111 1111011111, 01 01111101111010110111 011010 0101101 0111 1110101010, 0 10111111-
1111111111111011111010101 111101, 0011101110101111101110111 01100011 1110101001. Ηο111100110010,
1111111111111100111111101010101 111110 1011010101001, 0011110101οη 11011, 1011110001 10100 01100111
1010110011ἰο 10010101011111101111 10. 0 10011 0111111101ιό 1111 1110110011 1101111- 10 5110100010101011
1001101110. 10101 111111010101111110. 11010011001010101110111011011010111011111 000111101101011
011001101101111-101110100110111101 1100100 11111011001001 1001100110οι 100110 110101. 1111100111
1001000110101010101001011110 11011001 1111001001 1101011100 010101110010110111101010010-
50110111101111011011 11101011010101101111881-100 0110110011 11110011100101111011011001110011-
nausa 1011010111100 01 0101101 0101100111όο 111011011ςο 1101111 1100011101101011011010000 1011010110
0001010 1010010101οκ 10100010 101101010100101 1011011, 10111 ³1st
11011011100110111101 01001100 01111 01111101. 1011101101110 10111111 1011101000 a 1111110 1110110110 amn
11101101 111101101001010111001100, 0 0111110111 0 01011101 10101ιο 100100 0101110110 0111011010 10
011100 011 1111101101 00101001. 0 0101101 0010 11111011. 1101111100011101011100100111101001 1101111-
611110100100111101101 01001100 1010110111101001, 0 010101101001011 11111011, 11010 0010101101011101
101111101101 1111101011011100111101001110001 111110110111110101 100101101000111111011011101
1010101010100, 011110 101 0101 1111110 110110011οΙ 1011010001.1100-11010100 0100 111010001100
10101101οή111οη 011 011100 10100 01011100 1110110111 01101001111100110101111011,10110100011011
110110110110101100100001 1100110οε0001 1001001101011010, 01001101 11101011101110001 0101110101
1001110110011011001111011101 01011110, 0 0101111 1100101010111 10 1101111-5110100010110011111111
100110101101011. 110 01011100 01011101100101 0110101101110010100001 11101011, 0 0101101 0100 01011-
50111101001100 1010110111101001. 101101010101010101110010 11010 10100 000101 01010110110101111.

110 1110101111οη 101111 1110011 101011110101010 0001 1111110 1110101001, 100010 1101101010111111110
1111011100. 10111110 01111111 1001101 1110010101 101101 01101 1111110 0001110 1100111001111 1011110
00100 010111001001ό; 01011 100110 11101101011000111, 10111 0 110110 111ὃο 1011100, 11010110 1010101001

1010 1003101 0101011111όο 11011

11001 11111011. [10 1000011 0110011 10110 0100101 1110101101 11111111 1110110011. 0 0101101 1101111-10
81010000111101001 101011011101001 01101 11110111110011. Ι10101101001ε 1111010110 01111011110110
11 0110111011κίμο 011111 &s 0101 011011111001111101, 0 0101101 1111111011 101ῡο 1001101 111001 010101
0101311011ς 110 11111ζ 10111111 0111011110118111ι111 1,-110101111010110111116181111111010 011100· ι
1010010001. 10100101111110101 10101 0101101001 01100111110110 10110111110310111 1111011001100101011
0 11101111001100110,010011 1111101001 1111111011 0 101101011111100 10116 1110010101 1101111001
01100111110111 11101101 101. 1111000111101010111 11011101011110 0111010. 110101101011111010-
mum 0010110110, 10111 111101100110110111 1110111100 0000101101. 110111011011110110111

911

 

