1906: VII. 111. 1111111111111111111111 8111111111. 33

1 1111111111 111111 11 1899. 111 XXX. 1.·11. 11 111111 1111111111111111111-
11111111 11111111111118611111111. 1.-11 (18.1·111111111111899111

A 11111111-- 1111111111 1111111111 111111111111111 biri), alacsony, 1011111111 1111111111 -— 11111-
11111111111111111111111111 Az 11111 111111 10 1111111 31 111111, 1 111111 1111111111111130 111111
:A 11111, 11111111 1111111 15. ⁸20 11 025 111111 10, 1511 1011111, 1 111111 1111111 151110 AkrA
1011111111111111111111111111 0-50 111111 111011111111 1111111111111, 1111111 1 Nema„ 1111111
011111111111111 1111111 111111111111.

A 11111111 1111111 1111111111 1 11111111 1111111 1111111111111 1111111111 11111111101111111111, 111111
11111 1111111111 020 1111 11111111111111111111111111111111 11111, 1 11111111 1111111111 nem 11111111.

111111111111111111111 11 1111111111 moy nem 111111111111111111111111111111111111111111111
1111111111 11111111111111111 111111111111 111· 1111111111111, 111111 8111111111 1111 111111111111111 1111-
11111111111905-111161111111111111 1111111111 11 hir. A 11111111 1111111 1111111111111 1 111111 11111111
11111111111111111111, 1 111111111111111111 10 1111111 10111111. 1 1111 11111111 111111 ’10 111111
11111111 111111-111111111111111111111 1 11111111111111111111111111111111011111111111111111111.

111111 11111111, cumanus. 11111111111111 1111111111 1111111111 1111111111111111111111 1111011111.
111111111111111111111 1111111111 1111 1 1111111111111. 1111111111111111, [111111111111 1111111111
1111111111 111111 1111111111111 1111311111 111111111111 emeli 1111111 1 1111111111, 1111111 111111 1111111111
11111111 111111111111111111111111111111, 11111111 511111 1111111111 1113111111 11111111111111 11111 1111111-
111111 nem 111111111111 111. 1113111111111 111111 11 11111111111111 1111111111 1 1111111111 1111Ι
111111 ·.

Fa. 8111111111 1111 111111111111111111111111 1111111111111111111 111111 111111111111111111111 a 11. 11111111
1111 1111111111. 111111111111 11111 1111111111111 1111111111111111 11111111111111111111111 11111111111111
1111111111111111 11111111 11. 111 11111111 1111 11111111ιί11 11111111111111111 1111111 11111,111111111111
1111111111 111111111111111111111111111111. 1111111111 11 11111 1111111111 1111111111 1111011111 1111111.
111111111111111111111111111111111111111111111111, moly 111111111111111111111111,11111111111111111111
1111111111 1111111111 811111 111111111111111, 111111 1 1111111111111111111111111111111111111111111111111111111.
111311111111111111111111111 1111111113, sem FranvziaorszAg 111 11111 1111111111,1111111111-
1111111 nem 1111 111111 1111111111 11111111 11 811111 1111111111111111111111111111 1111111111 111111111111
111111111111111111111111111. 311111 1 1111111111 11111111 nagy 1111111 11111111111111111111111,111111111
111111111111111, 1111111111 111, hogy 8111111111 11111 1111 1111111111 11111111 1111111 1111 1111111111 11111
11111111111111111111111111111 1 11111111 1 11111111 1111111111 1111111111, 1111111111 111111 1111111111
11111111111111111111111118111111111 1111111111 1111 11111111111111111111.111111111111111111111111-
111 1 1111111111 1111111111111111111111111111 11111111 11 811111 11111111111111 11111111111111 111111-
11111 1111111111, 11111111 1111111 ’11111111 1111111111111 11 1111111111 1111111111 1111 111111. 1111111-
111111111111111, 11111111 11111111111111111111111111111, 1111 11111111 1 1111111 111111111111111111,11111111
11111111111111111111111111111. 111νί111111 ez 1111111111 [1111111111] 11 1111111111 1111111111111 1111111
111ἓι11111111111 ι11111111111111111 11111111111111111111 111111111111111 1 1111111111111111111111111111111111-
Aepaskenkkitffifflkseglfffiacziefflesssffijffigsssmwgzffi 1111111111 111111 quo 1111111111.

1111111111111 11111111111111 111 111111 111111 1 1111111111 11111111- 11 111111 1111111111,1111111111111111111-
‹ig'ffiel ὁ1111111111111111ἔέ11 1 1111ῗ1111 111111 11 1 111111 111111111111. 11111111111111111111111111111511111111

’. 111 131 111111111

981ζὲ1111ηὲ 511111ῐέ111 113111ὼ111ἷ1111111 1111111111 11111 1111111. 1111111111111111111111111 51111111
1 “’1111’, ,11111111 111

Mas 111111 1111111 11111111 1111111111 1111111111 1111111111811111111111111111111111111111111.111111111
1111111111111111111111111111111 11111111 111111 11111111111111111,1111111111 1111111111111111-11111
11111111 11111 11111111111111111, 1111111111 111111111111111111 8111111111111111111, 1111 111111111111111 1 111111
anxag egv 1ο ,1511111 11 11111111..,111ἳῗ1ι11111111111ἰ1111 [1111111111 11 1111111111Γ1111111ι11ἰ 1111011111 11 1111111111.

1111111-11111111111111 1111 1111111111, mg 1 om 11111 111111 1111111111-
111111111111111111 (0·111111111111111111111. 1811111111 1111111111111111111-11 11111111 11111111 0-111 1111
1111ῑὸ11111 1111 111 1110·Ξο 11111111 1111111111111 meg az 111 1111111111 1111, 111111 1111111111 11111-
1111111111111111 (0111113111)111111ῐ11ὲ1ὶ111ἰ131111ῑ11111111111111111. Λ1111ῗιι111ι1111111ι11- 11 1111111 11111111ιῖ1, 1111111111-
zeno. 1 11 1111 1 ,111 1111111111111111111111111111111111111111 1111
1111111 1111111111 1111110-011111111111111111111111111111, 111111 azpnj 1111111111111111 11111 5 1111111111-
11111 1111111111 1 11111111 010 111111111111111 11111111. A 11111111 1111111111111111111111111, 1111111 1
1111111111 1 111111111111 1111111111, 1 1111 11111111111111111 0110111111 11111111111111111, 1111 hogy 11 111
1111111111111111111111011111111-11111 magasabb 1 1111111111 070111 1111111111111111111. 11111111
11111111 11111111 1111111 1111111111 1 111111 0110 11111111 1111111111111111111111 11 1111111111 111111 150 1111111
010 11111111111111111111, moly 1111111111 1 511111111111111111111111 1111111111111111111111111111111
1000, 11111111 11111 1111111111. A 1111111111 1111 010 1111 1111111111 111111101111111111111111
111111111111111111111111111111111111 11111111111111, A 11111111 111111111οο 11111111-1111111111111·5111111111
2110 111111 111111 11111111 110 11111111 111 11111111111111 111111111111 Α 111111111111111111 1111111 1111111
811 11 1111111 1111 111111111111111111 ὃ. 1111111· 8 111111 111111111111 11. A gyufadobozok 11111110 1111-
111 0 11111 11111111111111. A 1111111111 11 11111111111111 1111111,11111111111111111111111111111111
1101111111 1111111 1111111111111, 1 1111 1111111111 A) 111111111111111111111111111111111. 11111111 a 1111-
111111 111111 1111 1111111111111111111111111 15111111111111111111 11111 11111111111111. ’

Papiros 11 1111111111 1111111111. 8111111111 1111111111 11 11111111111111111 1111111 1115111111 1111

111111 1111111111. 1111. 3

 

