176 1906 .· XXIII. 1. 11.-Α 1111911111111111111111111-1111111111. 1111111.

Mindon egyes 111111111111111111111111111111111,1111111111111111, 11111-
1111111111111111111111111111111111111 11111 egy 1111111111111111 1111

--......

11111111111111111111111 11111111 111111111111 E 11111111111111111111111111111,111-111111111-
(1111111 'minister 11 1881. 11 111111 11111111111111111 1111111111 11 111111111111 111, 11111111
1111111111 11 1111111111ιηί 1111111111 1111111111 11111111111 1111111111 1111111111111111 1111111111-
1111111111111111111111, 11111 1111 1 1111111111 111111111111111111111111111111 1 11111111
1111111111, 1111111111 1 1111111111111 1111111111 1111111111. II 11111111,1111111181.111 1111. 1-111111
u 11111111 1111111111-11111111111111. .
1111111111111111111111111 111111 1111 11111111111111111111111111 1111”11,111111111111111
11111111111111111111111111111111 111 111111111111111111,111 11111111111111111111111111 11
1111111111111111 1111111 11111111111. 11 1881. 111 11111. 1.-1111 11111111111111111111111111
1111111111111111 1111111111111111111 , 111111111111111111111111111111111,11111111111111111
&letheum 1111111 11111111 11111111111. 111111111111111111111111 11 111 11111111 mel 1111
111111111111111111111111111111111111111111. 11111111111111 111111 1111111111 111111111111
11 1881. 11111, 1-11111 1111111111111. 11111111111111111111111
1111111 11111111111111 1118811111. 1.·11111 11111111 1111111111111111 111111111111 1111111111-
111111111111181111. 111 XIIII. 1.-11111 111111111111. E 1111111111 11111111 1111111 1111111111 11
1881. 11111111. 1-11111 111111111111111111111, 1 11111111111111111111111111 1. 1111 1111111111
11111111111111 nem 1 11111111, 1111111 1 1111111111 11111111 1111 11111111111111111111111111111-
manu 2. hogy 11111111111111111111 1111111111 11 111111111111111111111111111 1111111111111111;
1111 1111111111111111111111111111111111111111111 1111111111111111111111111111111111111-
1111 111 11 11111 111111111111111111111111 1111111111 1 11111111, 11111111 11111111 111111111111 111111-
1111 11111111111111111111111 11111111111111111, 11111111 111111, 111111 11111111 111111111111
[1111111111 111111111111111111 1111111111111111111111111111 11 11111, 1111 1111111111 111111111111111
urIIIIIIIIIIIIIIv 1111111111111111111Ὲο11θ111111111 ment 1111 11111111111 1111111111 111111 1111111
11111111111111 11. 1111111111, 11111111 1 1111111111 1111111111 1111111111 111111111111 1111111111
1111111111111111111 1111111111111111 1111111111 111111111111 1111111 1111111111111 1111111111 1111111.
1111111111111111 1 11111111111111111111111111 111111111111111111111111111111111111111-
11111111111111 1111111111 111 1111111111 1111111111 1111111111 1111111 1 11111111 1111111 1111111,
11111111 ped} 11 111111111111111111 1111111111 111111, 1111 111 1 1111111111 111111111 11111111 1111111-
11111111.1111111111111111111 111111111111 111111111111111, 1111111111 1111111111 111 1111111111. 1881. 111
11111, 11 18111. 111 1111111. 1.-11111 1 11111111 11 11111111 1111111111 1111111, 1111111111υῆ1 1 1111111111-
11111111111111111111111111111 11111 111,11111111111Ι 11 1111111111 111111 111111111111111111
11111111111111111111111111111111.31111111 1111111111111111111111ξέ1
1111111111 1118811111111. 1.-11111 3. 1-1111 111111 11 11 18113. 111 11111. 1.-11111 11111 11
111111111111111111111111111111111, 11111 1 111111111111111 1111111111111111 1111111111111111-
11111111111111111111 111111111111111 1111111111 1 1111111111111111111111111111, 1111111-

1111111 1111111111111111111 1111111, 111111

11111111111111111, 11111 11 1111111111 111111 1111 is 11111111111111 11111111111111111111

u 11 1111111111, 111 11111111 1111111 11 111111111111 1111111 11111111111 11111 11111 1111111111.
1 11111111 1111111111111111111111. [1111111111 11 1111 11111111 11111 111111111111111111, ho 111
11111111111111111111111 1111111111 1111111111 11111 5--11, 111 111-1111111 me'g 11111 1111111 11111-
11111111 1111111111 11. Ez 1 111111111111 1111111111 1111111111111111111111111111111111111-
1111111 1111111 ne'zve3 minthogy pedig 11 1111111 11 111111111111111111111111111 11111111, 1111111-
11111 nem 1111111. 11111 11111 1111111111111111111111 111111 511-1111 1111111, 111 11111111 11111 11 is
11111111111111111111111111111 11111111111111. 111111111111111 11 1111 1111111 11111111111111111111
1111111 1111111111 1111111111ιί, 11111111111111111111111111,111111111111111111111111111111111111.
11111111’’.111111111111111.111111111111111.1111111111
111111111111111111,111111111111111111111111111111111111, 11111 111Κ1111111111111 1111111111 atsaiw}
11111111 11111,111 uo 11 ιι , 1111111 n 111111 eo. 1111111111 -
1111111 11. 11111111 a 11111111 even 111111111111111111181111111111111111111111111111111111111111
11111111111111111111ιωί 11 1 11111111111111111111111, 1111111 11111111111111111111111111111111
1111111111 111111111111 1111111111 1111111111 11111111 pedig gyakran 1111111111 1111111-111111 111-
111111111111111111111111, 11111111 11111111111111 1111111111 1111 111111 1111111 11 111.
111111111111111111111 1111111 1111111111 111111111111, 1111111 11 191111. 11 1111111, 11111111
1111111111111111111111111111 1111111111 111111 111-11 11111 111111111111. 1111111111111111111111
1111111111 11111, 11111111111111111111 11111111 111111 1111, mindi 111111 1111111111111111111-
111111111111111111111111 11111111111111111 11111111111111111111111111 1111111111111111111.1111-
1111111111 1111111111 minden 1111111111111 1111111 egy 11111111111111 11111111. 111 1111111111
11111111111111111111111111 111111 111 1111111111111111111111 111111111111111111111111ο1ς 111111
1111111 1 11111111111111 111111111111111111 1111111111 1111 1881. 111 xm. 1.·11111111111111111 11111111
1111111111 1111111111. 1111111 111 11 1111111111 1111111111111 1111111111 nem 111, 1111111 1111 111111-
11111111111111111111111 11. 11111 1111111111 1 11111 1111111111 111 1111 11111111111111111111111111111-
1111-11111111 111111· 1111111111111 111111, 1 111 111111111111111111111111131111111111, hanam

111111111111111111 1111111 11 1111111111, 1111111111 11111111 1111111111 1111111111 1111111111 111111-

 

