11 18941111111111. 1. 11. 88. 1-11101.

9. 6. 19991111. 11111 9999. 11. 11. 8.11111111.1111.,1111μή 1191111 1111111111111111111111111
1111111111 11 hamam 1γί11111111111 11 11111111111111111111. (1999 1111111111 11111111) 131.)

11 1894111111111. 1. ez. 89. 1411101.

9.1”1.199611111.9199.11.1111 11111111. 111111..1 1111111 1111111111 (1 (agyam 111 11

0¹:32³),ss 111111111Ιὸ 1111111111, 111111111111111111111111 1111111111 11111111111111 11 1111111111
13111111111181)

111894. 111111111...-.1.1191111111

T.6. 19111111 19 99999 11111. 111111111111111115 1111111111, 1111111111111111111111-
11ω11111.(1999.11111. 11911. 11. 11 1111111111)

111891111111191. 1. 111111111.

911991111115.118,339.11.11.11.111.11. 111111, 11 11111111 11111111111111 11111 1891ῑ
mul. 1.-11. 1111111111111111 11111111 1991111191. 1.-11. 111111111111111 11ης). 1111111 11)) 1907
111.1.);1999.11ἰ89,991.11,11. M. 11111.,11111111 11 11111111 anyakfinyvek 11111111 11111). (911-

ulzmffl 1999. 18.11.); 1999 111. 16. 118919. 11 11. M. 111111..11 19911 111191. 1-11. 111111-
11 (11. ο.)

1111111111. 1. 11111111.

9. 6. 1999111191. 99943. 11. 1111. 11111, 11. 11311111 1 111111-111111111111 1. 1111111111 111-
3111111111111111. (11. T. 1991]Ι

Αι 18951119111. 1. 1111111111.

11 1.-1111111111111111 111111 1111111 1 11113111 1111111111 (1111111111 191111111111111111 1111111911-
1111111111 1111111111 1.-1.

A: 1895191991. 1. 1111111111.

9. ὃ. 1999111111 39. 99399. sz. 1³. 111111, 1 111111111111 111 1119111111 11)11111111111111)1)11111-
81111119. (R. T. 1911.) .

Δι 18951111111111. 1. 1111111111.

’9. 6. 1999111. 13. 3,.119. 11. 11. M. 111111.. 1 111111 1111111111 1111111111111111111 1111111111) 11·
ΙΔ111111111111 111Ιὸ 18191 xxxvl.. e's 11 111 1111111111ιό 9999 11111111. 1111111111111111111111111111
11111111 19 [1111111111 V. 9) 1111111111 11111111111191. (11. T. 199.)

A: 1111111111. t. eztkknez.

9.9.199911197.1919.1111.11 1111. 11111, 1111111111111111111111111111111111[1111111111-
11111111111111111111111 1111111111 1111111111 1111113 111 111111111111 (11. T. 1919.); 1999 nov. 99.
119199 11. B. M. 111111, 11 111. 111111 11111111-11111111 111111111111161 (m. 1153,);1999. jan.
9. 1919811199911911,11111..11111111 111111111111 11111111111111111111111111111111111111111
11111111111111111111111111111111111111.1911111111 111111111111111 11 1111111111 1111191111 (11. Ἰ’. 1119);
11119111. 13. 11191. sz. V. M. 111111.. 11111.111)1111111111)111 1 11111111111111111 ies 11 1111111111 11111-
19111111111111111111111 11 1111111111 1111111111 1111111111111111 19. T. 19911).

Az 18951 111111. 1. 1111111161.

9. 1999111111. 1999911991. sz. 9, 11. rond.. 11111111 111111111111 magynronzigi 1111111111 or·
1111111 11111Ιί11 11111111111111111311 11111111111111111,191)111111 11111111111111 11 11111111 1111191111
(11. T. 199.); 1. 6. 1911111111. 11799911. 911. 111111, 1 baptista 1111111111111111111111111 11-
innumere! (11. T. 1394.); 1. 6. 1999. nov. 25. 99111111. V. M. 11111.. 1111111111111111111111111-
macti 1111111111111111111111111111 nom 1111111111 11 11111 1111111111111 1 11111111 1111111111
11511111111119111113111911111 1 11111119111111111111. 1111111111, 11111, 1111111111. 111111 11111111
11111111 111111111511,111111111111111111 1111111111111 1111111111 11111111 1111191111 polgfirmesteri 111111-
11111111 1111111111 11111 1111111111 11111. (1999. 911111111ιί 1111111989 11.)

 

