1906 .· XIII. t. cz. A 3333331131-3111311 h. 1333131311. 119

2. 1. Α 133331311313311331 m. kir. minister 33 11-133 3311131133331- ’
333313333111333131331 3331131311311 33 1880. 131 XXXI. 1.-331111. 5-3
1113131133 33 333313331Ιὲ31 33133113113331.

3. fl. 13133 1133133 33 33331333 113313311333 3311 3331133133 333-
113113 113113 13313331311131331 3 1333313131331331, 1113133 31331331
3131313331 11331331 333.

xm. TORVENJfflffl

3 1333383111---31113111 1. ὀ. vasut 3333111333131136111)

(83331311113133311 1111111. 131 3333313131 111113. 111113131331111 az 1916. 131 ((033133311331331133
1111111. 131 3313113313 115-13 11313113. 33131133.) ’

’1. ᾖ. 11 ministerium 3333331 1311313133313111, 1333 3 13333313-
333333 3. 3. 313 333333 3333333 3333333 33 es 1331

..η-.- ---.-——-.

13331333 311111 1331113113 3331133 333 1133333133 3333 3331313Ιό 33333113313131133 is 13131311-
bath. A 13311 111331 1333131311331 3 113313333 1613 91111. 1113133 9191311 131311. 3 13 33 1111111131
lv. 1-33111133 3333331311111-11111333 3331333113 313133131331. 1313131311338113111331 133311113-
133313111311113111313133113333-ε1,3313333 1111331313 131111 3 13311 191111. 11111333313311331111ὁ
111 313 3131131113331 1111101333311 33 3333111131 1111 131131. A 1. 1. 33331 11313111333333333133
111111-1113133 1111311111 3331113331133113131331133 33 333333331131313133333331113 3133113 3 3113.
111333331331133311, 111333113131 1131313131 3333133 3 ,1.13331133331133133 11131, 13333 33 113131-
1331131 33331113 3 1333133113 33313331311133 1313113133 3 1133113131 3313311133 331133 3133313 1111-
133311 333. A 133131 1313111 3333133 3 3131133 311311311313331313333131113131333133311 131 13333113
311313333111. 1133313113 333333111333133313 1311113131 3133333331 3131. 3333131131333313311-
11113131 3331311 3311131, 131311333133131 ks 33311 3311133313 1311113131131, 113313131131 3133333313,
1333 313113 3 31133 3 11313133133331 311 1131313111. 3331113333 11313311 33331113111311333
1. 1. 333313331111131331 1311333 - 33 111811. 131 XXXX. 1.-33. 1. 1-1133 13313113313113313 333113ι
31331 3331313113 - 3 31133 1131333313313 131333131331 33311111 3131311911131331331333-
11133113311. (111. xz. ¹iram.) 13 33333111331133131 33 1911633331.7.1111,1181.3311111331133131-
Μ1ι1111111111ητ 3111121133· 11331131131331 3313311311111 1313311313 1113331113 ,3333 13 313133-
13131333133133331331331333 313. 13333333 1311 3333313111, 331331 3131133131 1313111 3333131
3333111331313 3331133331, 1313331 3313111111 333 3311. 1333 33 311131 3331131313111333311-
1131131131. 1131113 3333313 3 3113113311 1131313333 1313133111 3333111131 1331311333333133111311
1133133 333 1s 1331131111. 3 311111. 1333 ez 13131 3 1131331333 3113333333 33311113313131133133.
,11333133 3331113111 333313333131311313 3 3331313111 11331331333131 1311311113313111111 1131311131
. 33331113113111 333 11. 1333 33333133113331 vetto 13133133] 3113311313 3 1333111313311331 133-
3133 311311 13133111 is. 13333313133131311 3333131 1311331311 11 11313313333131 1133111, 331 3
133113313111 11133331 3131133333313331113 311133 1333331313. 1133313133113 11331313 3 1131313 “
bisons& 333 11311133, 13333 33 111333333131 13331333131331 1133133111113 33311131333331 33131-
133133131333111333313113333331. 1313313313 31313 333331ιό1131 33313311 33313313113311313,
1333 3133 313133 33331311. 33133313 11111 1333331133331313111313131131 131133 3 1113313131 11133131
131131311331. 1331111, 1333 3 113331133313331 3331111Ιό 313311 33131313113131313313 s 3 3333131 3
11331131313133113131331 333, 31311 13333 3 11331331333313133. 3313313131111131311131133311333
’11131111111313,11131 13311111113121111111113 33
113333111111331311111113331133131 13 11131 11331331 11331133 333.113333131313333111113
13311331133313 811131 1113333113 3333133111 13131 131311 33331 1113311133 11331133 311 11331311
11“ 313 111311313333113 1311 1113331131 333133333113133 111111. 1313133313 3313311131, 1313113133-
13313113 33311 3333111333131 1311113131 3113131113 3331313Ιό 33311133311331111131 1133133331
3133113 3 33333111-3111311 13131 1313111 1333113313311331 3331111113 1131Ιὸ3 133133 1311131 1111311331
33 3333111333131 1131331111 13111313 33113113 13331 3331311313 13 11313113 1311111331 1113133131331

1111311. 1131ἐὲ 3 13331 333131111311313311311331 1311 33333 1311311311, 33 33331 3333111333131133 33

111811. 13111 111. 1131333111 1. Ι11133 311111 1131331331ςί 13111313133313 33331333113313313313
3111113131 1313131113 1313113 11331113111311333 3311.

11133131131111133 33 311331 311313313133113 13331111331131331133 1131133133313311311133131331 133-
113113133133331111313113113333. 13333133 3331113131 13133 33331 33331113331313113111113133-
invadat 1131333313, 1311 3333113113133333311133113313313331333313333131 1131133 3111133333,

 

