1106.·111. 1. 1111 1111111111. 11 1111911111 1111111111· 1111111111111. 13

a) 11111111111111111111 11 1891. 111 1111111111 11 6-11 1111111111
1891. 111 111. 1.- 11-11 11111111 1111111111111 11111111111111111111111111
11111 1905. 111 111111 11 15-11 11111111 11111111111111111 11111 111111-
11111111111 11111111 1905. 111111111111 18-11 11111111111111111·11;

b) 11111111111111111111 1905. 111 1111111 11 11-11 111111 1111113111-
1111111 1111111111

111101111111111111 190611111111111 11-11 111111 1111111111111 11
11111111 1111111111;

d) 1101111111115111 1906. 111 1111111111 11-11 1111111 1111111111111-
1181111111111111115511 11 1111111 11111111 1111111111111111111 11 111-
111111111111111111111 1906. 111 1111111111 11-11111111111111111γη

01111111111111 1906. 111 1111111111 11-11 111111111111111111111
11111111 1111111111; ,

9) 11 01111111111511 1906. 111 11111111 11 Q} 1111111 1111111111111 11
11111111 1111111111;

31111 11. E. 11. 1111. 1111111111111111111111111111111111111111 1111111. 113115111111111111111
1111 1111111 11Ιὸ 11111111111111 1111111115 8111111111, 1111111111 110191111511111 1111111 ideig}¹
1111111111,11111111111111111111’.1111111111111611111111
1111111 1111111111111 1111111111 11111 19061111.11.(11.11.),19061111.18.(19.11.),1106
111111. 11160. 111111111111111111. X 1111111111 ’1111 1111111111,11111119061111. 11. 1111-
11111111111 11111111111111 11111111111111111111111111 1111111111.

,(11 1111111111111 1111111111·ρὶ 011111119111111·1111111110111.) X 11111111111111111111 1 111·
11111.111111.11111“11.111..11 ’1111111111 11111111111111111111111
1111111111 11111111111111 1111111111 1111111111. 11111111 111111111111111 1111, hogy 111111111111111-
11111 1111111111 11111111 1111111111 1111111111111, 1 1111111111 11111111 11111111111111111111111111111-
111111111111111111’1111181111’1111111111·111ἀὲ11111ῗὲ1111’1111
1111111111111111111111 111111111111111111111111111111111. 1111 11111111111111 1111111111 111111111111.
De 11 1111111 1111111111 111111 11111, 1111 11111111 11 11-11111111111111 1 1111111111111111 1111111111
1111111111 11 1111111111. 1 11111111 11111111111111 111. hogy 111111 11111111 1111111 1111111111.
1111111111111111111111111111111111111 111111111111 a 1111111111111 1111111 1111111111115 1111111111
111111111111111111111. 1111111111 11111111 1111 11111111 190011111111131-1311111111111111111
111111111111111111111311 11 1111111111, 1111111111111, [1111111111 1111111111111111111111111-
11111 1111111111111 1111111111 1901 1111111111 31-11 1111 111111111111111111111111111.

X 1111111111 111111 1111111111 1111. 111111 11111111111111 111111111111111111111111311. 1111111111-
jogi 111111111111 111111111111111 11111111111311 11111111111111111111 11111111 1111111111111111111-
[111111111 111111113111111. 111111111111111111 111111111111111 1111111111. X 1111111111 111Ι 1111 11111 az
111111111111111111 1111111111 1111111111111 1ος111111111οῑ1ῑ 11111111111111111 1111111111111111.
- 11111111111111111111 1907 1111111111 31-11 111, 11 1111111111 1911 1111111111 1131111 1111111 11-
1111111111 111111111111 11111111111111 1111111111111 1111111111111 111111111111111111111. A 3. ς.
1111111111ῑί 11 111111 sora 1111111111111 116111111111111119011. 111 1111111111119111111 10116. 111
1111111111 11 11-111. 11111111. 1131111111 11111111ςί lag 11 111111111111111111111 111111111111
1111111111111111111111111111,1111111111 1 1111111 11111111 1111111111111,111111111111111111111 be.
(1906 111111111131-111, - 81. 11. 111111. 1

(Α 1111111111111 1111119111 11111111111111111111111161.) 11 1899. 111 XXX. 1.-11. 11111. 11
111111 1111111111 1111111111 1111111111 1111111111 11111111111111111111111 111111111111111111 1111111111
11111, 11111111111111111 1111111111 1111111111 1111 1111111 11111111111111111111111 1111111111
11111111111111111111111111 1111111111. 13111111 1111111 1 volt 11111111111111111111111111-
1111111111111111111111111111111 1111 1111111111, 111111111111111 1111111111111111111111111-
111101. 131111111111111111111111111111111 1111111. 1111 11 1111111111111111111111111111111. 1111
111111 11111111, 1111 1 1111111111 1111111111111111111111111. 1 1 11111111 11111111111111111. 1
111111111111 1111111111 11111111111111111111111 1111 111111111111111 1111111111 1111111 1111111
111 11111 1111111111 1111111011 111111, vagy pedig gondoskodnunk 1111 1111, 1111 11111 1111111-
111111111111111111111111111111111111 1111111 1 1111111111 1111111111 1111111111111. 1111 11111111 1
111111111111111.61111111 [111111 1111, hogy 1 111111 1111 1111 1111111111 11111111111111. 1111111111
mig ffigfiffik az} 111ῑὲ1111 111111ἑ11111181ἓ 11111111111111 11111(111111131111111111 111 1 11111111 111111-

111 1 ma s. penzugys 111 11111111 noga 1.

 

