131 1906 ,· Χ. t. cz. Ρ111111111111111111ἠ1 11111111-81111111111111111111.

2 5. Az 1868 : XXX. 1.-11111 11. 1-11111111111-811111111111111111-
11111111 11111111 1111111111 11111 111 11111111, 1111111111 11111111 11111

XXXX 1111111181111111 ³ ¹³³& ῗ’11“’“““1ῖ”“ ⁰¹³²⁶X,2:2‘32020X‘X‘XX¹¹22
11111111111 Η11111-81111111111511111111111111111111181111111 1111111111111, 11111111 1 1111111121111-
111111111 111111111111111111111111111111111 111111111111 1111111111 1111 amn 111111, 1111111 11111-
111111111111 aulonam 11111111111111111 11111111 11111 1111111111, 11111 1111111111111 1111111 111111 111-
11111 111111 1111 11111111, 111111 a 1111111-81111111111111111111111111 11111111 u 111111111111111111111
1111111111111111111,1111111111111111111111111111111 11111 1111111,111111 1111111111111111, 11111
1111111111111111111111 111111111111 11 111111111ῑό 1111111111 1111111111 1111111 1111111111, minden
111111111111111111,111111111111111111111 1111111111 111111 mand-e 1111111 11111111 1111111 11111

111111111111111 111111111111 1111111111,11111111111111 1111111111111 111111111111 1111 ,111111111111111
11111111111111111111111111111111111111111·

111111 1111111111 1111111 1111111111 11111111111111 1111111111 111111 1111111111.111111111111111111111
111111111111111111111, 11111111 111 1 11111111 1111111 1111111111 11111 111111 1111111111-111 1111 11111111·
ben fojtegette, 1111111111111111111111111111111111111 1111 111111111111, 1111111 1111111111 is 11 11111111
1111111111 11111111111-111111 1111111111111 11111111, 11111111 az 18118 1 XXX. 1.-11. 13-1111111111 11
1111111111 11111111 11. 11 12. 1111111111111 11111111111111 1111 1111111111 1111111111 1111111111. 11111 11
men 1111111111 111111111ιὸ11 1111111111111111111111,11.111111 1111111111111 1111111-5111111111111111
antonem 1111111111 11111111111111 1111 1 1111111111 1111111111111111 a 1111111 1 1111111111 1111111111,
11 1111111 erronem 1111111111, 1 111111111111111111111111111, 111- mondj -1111 11111111 1111111
1111111111 11111111 11 1111111111, 11111 11 1111111111 11111111111111111111-111111111111111111
111111111111 11111111 1111111 11 1111111111111111111111111111.Η11111111113111111111111111111
11Γ1ε1111111111,1ί111111111111111111111111111111111111111111111161111.1111111-811111111111111111111 ¹2. 11111111

m 111 *s 1111 uo 111111 zo 1111111111 11111111 ,11111111 nm 1111111,1ι
1111111111 11111111 11. 1111111111111111ε 111111111-811111111111111 111111111111111111111811111111111111·
11111111 1111111111 1111111111 1111111111111111 11111111111, 1111111111 111111111111111,1ο1111111111111
is 111111111111 1111111111111111111111111111 111111, 111111 11111111 madelmo 11111111 1111111 11111111·
111111, 1111 1 11111111 1111111-11111111 111111111111111111 13. 11111111111111111 is 111111 111111 11111111
11 111 az 111111 111111111111111111111111111111 11 11111 11111111111111 1111 1111 1111111,

1111111111 1111111-11111111 11111111 11111111111111111111 111111111111111111111111111111 1111111111
111111111111111111111111111111 1111111111 11111 1111111111111111 111111111111111111111111111
11111111111111111111111111111 111111111111111131111111111 11111111111111111111111111 1111 111-
11111111111 11 Η111111-511111111111111111111111111111111. E 111 11111111 1111111. Η11111-8111111111111111
11111111111111111111111111111111111,11111111 11111, 1111111111 1111111111 11111111 111111111111111, 1111
1111111111111111111111111111111 111111111111 111111111111111111, 1111111 1111,111111111111111111.1
11111111 11111 1111111111111111111 111111 11 111111111111 11111111, 11111111111111111111115111111111111-
1111111111111111111111111111111111. 1111111111,11111111111111 11111111111 111111 11111111 1111111111
11111111111111111111111111.11111111 111111 1111111111 111111111111111 11111111, 111111111-111
1111111111 111111 1111111111141111 111111 1111111-5111111111111111 1111111111111111111111111111111111111
1111111111 11 1111 511111 1 1111111111 111111111111 1111 11111111111111 11111111 1111111111 ide 111111.
1111111111 11111111 1111111111 1111111 11111111111 1111111111 11111 111111, 11 111 11 111111 1111, 111111
11111111 11111111111111111111 1 1111111 1111111111 111111111111111111, 11111111 1111. 1111 1111111111111
11111111 11111111 1111111111 11 11111111111111111 11111111-811111111111111111 11 1111111 1111111111 111
11111 1 1111111111111 1111111 1111111111 1111111111 111111111111111111111 1111111. Α 111111111111111
11111111111111111111111111111111111-11111111111111111 1111111111111-111111 1111111111 11111111111 111,
111111111111111,11111.1111111-1111111 1111111111 1111111111 1111111111 11111111111111111111111111
11111111 1 1111111 11111111111 111111111111111111, a 1. 11111111111111 11111111 1111111111 11111111 sem 111-
1111 1111111111 11111 1111111111111 1111111111111, 11111 111111 1 111111 1111111111 111 1111111111111111-
1111111111111111111111 11111111111111111 minden 11111111111111111111111 1111111111111111 [og 11111111111111.
X 1. 111111-11111111 11111111 1111111111 111111111111111 1111111111 1111111111 11111111111111. 1111111 1111111111
111111111111111111111111,111111111111111111111111111 1111111111111111, 111111 Ηι11111-81111111111111111
1111111111111 1111111111111111 1111111111 1111. 1111111111 autunum sznkse'gleteintX 11111111111111111111111,
1111111111 1111311111111111111111111111111111111111111111 11111111111111111 1111111111 111111. 11111
1111111111111111111111111111, 11111111 11111 11111 is, 111 11111 11111111 1111111111 1111111111111111.
1111111-81111111111111111111111111111111 111111 11 1111111111 1111111111111111111 111111111111 111 11111-
11111 1111111111, 1111111111 [1111111111 1111111111 1111111-81111111111111111 11111111111111111, 1111111
11111 11111111 1111111111 1111111111111 1111111111.ιοί 11111 1 1111111111 11111111 111111111111111111111,
111111111111111111 1111111111 1111111111111 1111111111111. 1111111111111111111111111111111111111111151111
1111111111 111Ι 1111111111111 11111 11111111111111 1111111111 1111111111111111111111111111111,111111111111
11 11111111111111111111111111111111111 1111111111111 1111111111111111111111111111111111111111111111·
111 1111111111111 1111111111111111111111 11111 111111111111111111.

11111111111111111111111111, 1111111111111 1111111111-11111111 11111111 1111111111,γ agyos kfivmeX»
1111111 1111111111 1111111111111, 11111111111111111 1111113111 1111111111 111. 1111 111111111111111111-
1111111111111111111111 11111 1111111111 1111111111111, 1111 111111-11 111 1111111111111 111111 1111111111111
11111-11111111111 11111111111 is 1111111111 1111111111. 11 111111 111111 111111 1111111111. 11111 111111111111111

 

