1906,- VII. 1. cz. 13331333113313333333133 8333333331. 85

1113131333 3 3333331 133313133 1313113131131 1133313 33 33331 33313331 333311
333133 31333331, 33331 33331 33 333133311 3333333 3 333331331 33
33331 33333133 33313333313333 313131 33331 33 1131131313333 31133-
33313333 333311313113111.

1333333331 1333113 3 83333313 3313 1331131331 33 33 3331331 1333-
13133 3313 333331333131331 3333 3113131 (31331, 1313331 33 113131 333131), ,
331331 333 3333331311, 33 33331311 131 31131 3333113311331131313313313-
131, 3313 131 3331 meg 333 13131131, 3331331 1333131331 3 33333331 33
3 1333133-3313313 3331333 1333113 1313333131 3333133131 11131331.

3. 13133331333131 131131313 33 3 333333131313131131 13333 3333133133-
3313333113311331133333331313313331331333 3311311, 3 1331131133 11311311
33331311313131333333 33313331 1333331 13, 3333 (13333), 331333, 3133-
333331, 1333133, 133 33 333 311313 3333331333ςί 13333131, 333133133133,
1313331133, 33333, 33333133 311. 13331133 333311 3331333131331333311333
1331131331 33 331311, 1313331311, 333311, 333331131131133311331333133333-
113331331. 1333313133 133333313313131 313313333, 3331331333333, 31333
1313313333, 33133313113313131 3333131333 (133313333); 1333113 33 113331113-
131, 3 33333331 331133313333133131 33333333 3333313331 133313131333-
13133 1333313 333333333 133133.

A 3. 3131133111311 333131133 3 331331113331331 31333333313333 3113-
3333133333 133313313331313331 1333 3333113313313.

1333333113 13131 1331331331 1333331331, 1333 3 3. 3331133 33111311 131·
,3131333331 1333331331 3 1313313331331133 33 3133113 133313333 3331333131
33333133 1333311113311331. ι

1. 1333 33133333331, 3313313 33333333 13131 3131133131331 3 13133
31131 1311333111313333 3331133331 333131311131 313313331311113131313 333331-
331; 31331313311311, 3131 3 11311311Ι 333 3131 33313331 1333331, 13 3333
131333113 33333 3333133331 3331313113 31131331.

5. 13 1., 1., 3. 33 1. 3333 31311 1331311 1311333333331 3333133 3333
1313333311 33131313 33 1333313133 333311133331, 3 331313331313133 33
. 1133113331313 1333333333133 3 13133133313131 13313133 3333133, 8333333133
3 13133131 15 111333133331 3333331133 333 1333311.

1333333333 1313311133 11331, 1333 az 33333 1133313333133, 0133131333-
3333331 333311, 3333 131333313313313311,

1333333313 13131 3331333331 33333331 3333 3333333131331 13331, 331331
331131111333333 3111313133, 3 131 333133333331 sog 1313113131, 13331113-
1133333333333133 33 83333133 mind 3 1331131331, mind 3 1131131331333-
memes 333131313333,3 33333133 11131 13, 3331331-333133 3113333113131
1333331.

3. 113311 (13333 1333133333331 1133133331. 131133133331, 13313313333331
1133333 3311131) 3 333131331. 33333331 33 313331 33133131333 133133
33331311133331, 11331133 3133111311 131331, 13 33 3333 3331131 333-
1331131 31131311 31,-3333333111331, 133131 33 33331133133311 33311331313133
31 33 31331111331 1313 1131333333 31131 1131111311 3333333331 113333131131
53333313 13331331 13, 1313333311 13313333333 33133 3131133 31311 3313311
1331313113333313333133333133133311333 33333131 33331 3311311 13-
33311313313 13; 3 1331333313133331 11111 131131331333133331311333-
131331 100 1331131 13 13331 333 3311311. 13 3333113ιί 131) 33133-
33333331 3333113311311 333333 333331333131331.-33333331133133 3133131

 

