38 mi: m 1. a. 111111111άά111 1111111111 8111111111.

&⁹¹⁸3AE 1111111 marja, 11111111111111 11. es Aagyarorszfig
1 1 a:
11111111111 (11111111111 Agenor gr6f 1111. 1111111111 11111 111111 1111·
111111111111111111. 11 aranygyapjas 111111 1111111111. 111. a cs. 11 111.
111111 ksslfigyek 111111111111ς

a SvAjczi 8111111111111111111111111

1111111111111 11111111 11. urat, 15111111 3111111111 111111111Ιὶ 1111111
11 11111111111111111111111111110 es. 11 apostoli 1111111· 1111111111,

11111111 11111111 1111, 1 111111111111111 111111 111111,

1111111111 urat, 1 1111111 1111111ιί 111111 111111

1111 Ε111 111. 1111 a stjczi 11111111111111111 11111111.

111, 11111111 1111111111111111111 jo 11 11111 1111111 111111111111111 11-
111111. 1 1111111111 1111111111 1111111111 meg 1 111111 [1151111111ε

1.(1ΖῙΚΚ.

A 1111111111 11111111 111111111111 1111111111, 11111111111111111111111·
1111, 1111111111 11 11111111 11111 1111111111 111111 191111111111 1111111

.--—-—---...-—.--...--.—-——— -— -.-———....—--——.———.

1111111111 11111111 k, 1111111111 11111 11111 1111111111 1111111 [1111111111. hogy

111111111111111 111111 111 11111111111111111111111111111 1111111111111111111111111 -
111111 1111111111111111111 111111111111 111111111111111. hogy 111111111111 1111111 1111111 -
111, Ι1δ111111,11111111181116111 1111111 1111 1111111111 1 11111111111111 1111111111 1111111 11111111 1 111111

1111 1111111 11 m . .

7. 11111ι111111 eg 111111111111111 a 111111111111111 111111111111111111111111111.11511
111ἲὴὶῗῐῖι11ίέἰ1111111 ¹:21¹ss podgymdmbok is. 111111 1111111111 1111111111. 11111 1111111111111111111
1111 111 e .

8. 1. 811111101831111111 1111111111 11111111111 111111- 11 11111111111111111111111111111111111111 11
111111 111111 111111 11111111, 1111111 1 111111111111111 1111111111 11111111111111111 1111111111.

1111111111 1111111111 11111111 11111111111111 11111111111111111111111111 11111111111111 1111111
1111111111. 111111 1 1111111111.

m. ,111111111111111111

11, fi. A 111 111111111111 111111111111111 1111111111111 a 111111 111 1111111111111 11111111111111111
11111111111111111111111 1111111111. 11111111 111111111111 11111. 11111111 1111111111111111111113-
11111111 11111111 1111111111111111 1 magog 11111111 11111111111111 1111111111. 111111111111111111
am. hogy 1 111111111111111111111 1111 ja. 111111111111111111111.

111. fl. Az. 111111 11111111 1111111111 11111111ᾱὸ1 11111111111111111111111111. 1111111111111111-
111111 1111111111111111 1111111111 1111111.

A 1111111 1111111111 1 111111111111111111111111 1111111111 a 11111111111111111111111,1111111111-
111 1 111111111111111111 111111111111, 1111111111111111 1111111111 az 1111 1111111111 11111111 111111
11111111111111111111111 1111111111111.

11. Ι. A 11111 1111111 1 11111111 111111111111111111111111111111111111111111111111111111 111111·
111111 minden 11111111111 1111111111 8 11111111 1 1111111111 1111111111 111111 11111 1 11111111111111-
111 111 1111111111 11111111 11111111 1111 1111111111 11111 111111111111 1111111111111 111111111οηί.

1111111111 11111 111111111111111111 1111111111 1111111 1111111 111111111111111111111111,111111111-
111111, 111111111111111111 1111111111111 11111111 1111 az 111111111 1111111111111111111111111111111111
111111111 ,1111 1111111111 1111111, hogy 1111 1111111 111111111111111 11111111111111111111·111-
111111111111111111111 111111111111 1111111111 1111111111 1111111111. Ι „

12. 1. 1111111111111111111 1 11111111111111111 11 1111111111 111111111111111111111111111111111111
1111111111 11 11111. 1111111111 11111111, 11111111 111111111111 1111111111 11111111111111111111111111111,
11111111111111111111111111 1111111111, 11111111 11111111111111111111111111111111111111111111111,
1111111111111111, 1111111111 111111 5111111111 1111111111 1111111 11111. 111111, 1111111111 11111 As

kisArqltetik 11111. [iay 1 111111111111111111. 1111111111111111111111111111 1111111111111111111111 1
[11111111111111111 1 11111 1111111111111111111111.

13. fi. 1111111111-111111111111111 118111111111111 1111111 1111111111 11111 1111111111 1111111111,
1 1111111111 1111111111111111, 111111111ῑί 111111111111, 11111111 11111111111111,

11. 1111111111111111111111 ’1111111111 1111111 11 1111111111-111111111111111 511111 1111111 11111·
1111, 111 1111 11111 111111 1111111111ιί 111111111111 111111111111111111111111111 11111111111111

 

