1906: VH. 1. 00110100101101001000001110 8111000001. 31

111001, 0 0011 0 0001010115 001111151οὁ1 0101101 1011110101111101 ugy
1110101100, 010110010110015011100 0011011000 10111111, 11011 00 0000 5001-

1101110111101111015111111 000 11501111 11 8111001101 01111010, 001100111111001υο0101100
1101011111100 0· 11001110011101101011, 8111001111 0 01001111010100001, 0101101001101111
11 5010115110 0115001100 0501 001111110οι1 1011111101101 01 01111111 11011100 0111100 1111001111101
01111101 5 0111000 a 1010151 115000101100 1100011.

A: 1111011010,001181110011511111 az 11 00000011011011111100 1111000110001 0011011011 030
11001101 :ij 5011011151011100 0011101111, 101115 0 1101111111 501011150511010501101111000110001 100-
111101011. 11101111101101 1110111100 1110 10111110 05111001 111010010100101. ’100101111111011010001111111
10111011 1101101111 10101001501001 1011 01100110, de. 0 1010101 1110111100 15 0 05111001 11101001
1110150011111011011. A 1111110111οῑ 11111010 5010110 ily 11 01 00111101 s 10 1011110110 1055011, hog 0
11011151511110011011 10111010 0 1010111111 11011100 0011010115οη 000110101101101011101 10111011 0
1111101100011 0011110015 0111 5000101011111. Βο11111110111011100 5001 101050011011 0001101115. 110151- 15
1101501111101101011110105010011501011011111111011100 501 05011100 10111500501001011.10011111-
0101,11011111011001-1511’1101105 1111101101 81110010 az 11111111 111100101011010011511111110011011
11001100, 0151101100 arra 1000111116 115100, 110111 a 1101011111, 0110110110 00 11 1111. 0011111 mint
111011, 1111010011 11όο0015011 1011 11101111 111110110111011 15 0101110 0101111100 81110010 1011 1111101101-
110 15 0611 01101111 10100111 5011101101 1115011, 0 1011011010115 0001101150101111000010010110010111
0110011101051011101, 010111011010001111, 01111501 00001100 1111111101οη 00 15, 10111 00 01050, amo·
ri 01 15111010 101000000101 10150010 is 110001111οῐ 01100, hogy 0 5111001 11010010011115010001-
maeuii.

A 10111110 11010, 001100 1

A, 1111101101000111111111’1111111ῗὲ1ιῖ 11111111111111 111111
510105 quo 1010115111 1010011. 11011101111101101 51110010 00 01111111 11011100 1010011500 0001101011
1100110318οι mm.) A ι0111001111 1011 0011101111101 0001101010 0111150100011001 11111101 1011111·
111011, 01511501 110111 abban 0 11111011011100 1011110 001101100111, 101105111001 51111101 0001 1011-
1011001011011111110 0 00111011501111501, 0101 0001111. 0111100010 00 is. hogy 811100 11110110111010
051110110501151010011150,1110111 a sbrgyArtAs 1001101150 1000110 11111-1110 1110011100 05111100.
101101 1150001 00 0 0011011000, 11011 0 5111001 5111 0110 01010101 05011100 0110115011001 00101-
10011 1150 01011111 1115010101, 01101 11 10011111 1111111101

1101101000111100101011100 1011 1111010811]οιὺο 1801-100 00098 mm. 1011, 0011155010101
10001100 1901 0011111111010501110 1000 100-11011.1110110111101111 511100101111110001111511,1
1501000 0110000111101 5011010011. 115011111101101 10110005 1001011150 0151501100 01100101011501
11110101151101000111011111510. 110000100150111100 11100111 01101 0100101501100 a 11011115001111·
1110011111101100010101111111011 1100100011101 1011101 15 0 11000010001001110100105111101 111100-
100111101101001111511 0011 0111111100 0111011101111. 1111100 11101 meg 00 0 1111101111, 110110
11000010115010501111011110015111001 01011010110011101 01051111), 01101 015501100015111501.100-
01111· 1150111111111111111110101 11115501 100 1011111 00 0105011011101 11511111001100105111001
010 001 100 01150.

Α 1111101111 111 0100011116 101111 01050101 111111 111011011, 0010010100 0 1110110510100115 1110-
111100 01110 0001101011. 811100 maga is 001100110115111 111101105111010011510110111105 000011511-
ben 115011 111011 111001015011110. 1111511501 1101111 01110011 1011115100 15 1100111100 1011 5011150110111
111000100150111 15 0105005011 110011 1100001111 15 101001.11100150111111101101 05011111 050011 501111-
ban 110, 00001100 0 5111001 sog 000115 0 0011110015050101110010110111110000050101110 0011101-
015011110101011510,111101100 1111 15, 1011 510115011110101011111111111 111100 11100, 0011 11011100

1111110111.

1111501111100110110001011111 15 1111101111 0000 5011101111001010 0000115111,001101111101111100 =

015011101110111011100101 151011110015 0110 15011 1111111110 5111111101101, 01150110101011011111111
1111111111111011111111111511111111111111111111111 1111111111
1110111 0115110110001. 11155 11101105 0111· 0000101111οη, 0011 0 1011111100100001011105001101
1101000101 1011, az 11 00100001 1011111100 1101111 3 110011101010101101011, 110 0001111001010115 00
alma. 11110 1511111110 11010001110101 1100110 501111110101110, 0 0111110 11011111100001051011. Az
050111 1111 5011001111101105 110111 1 050011111101105 11010 01011011111115000111510031100110
5011111101011 le. A 0101111111 meg 000 10501011 1111011105 110101011001111 51100110101151101101011.
0500111150οῐ 1101000105 1011, 1150101 1101111 a 10 11001 110 1110 15 51100110501111110101111.
1111155 110111110000105 1011. A 1000011111 501111011 1100111 110110 1011001111 11 1100110 501111110-
1011 10. Az 0110101100 1000011111 1100161 110110 00 01010-5111001 5000111510 3011001111 ’11110 1100110
0151101101οῑ1 1001150-5111001 5010111510 a 10101105001000011 111010 A) 11001111 10 1100110, 00
311011 11501111 50111 0151110 11010 pedig 10 110011110111001105011111101011 10. A burgonya 1101·
0101050110 0011111000.

Gyarmauimuc 10 10100111010101. Ε 0501011011 1100001551 0001110 0 1111111111 15 0 51101-
000101 1111111011 1011110001. 811100 0001015011511110111 05010001 10110000 111101 11100100005000110-
1111101111,11001015011111115110000100150111111 101001. 811100 1011110110 100 11110001100010111111,
0111011100110111101 000111111101111, de 11001100 00 000 1111011001 0 501151110101. A 5111001 501-
1015111110105 0 001110111001 10100101111100001 1010111110, 110111 1· 111001 11110 0 50010111 1010110001
11101111 0101111010 0101010101οῑ 1010111001 110501101101 15 0 5011015111001051010510111οΙ 11001100
051110011111001110015050110 0 5110110010 1111111001 0111 11001101,101115011001111 10 1110110

 

