’ 100 1906.- VIII. 1. cz. 311313163311611113111333131111 8361333331.

66⁰3}6666666666 1131111111,1133111111
,3 3131331 333111131331 3163163311 3133333333 1333333113331.

6. A haszon- 33 1331333333131 1613363113 13113133133313131163 113131-
3111113111111111111111311111111111111111111111
3333333333163331311133 10 3311313 13331 1313311 316 311 1131331331, 31311
33 111316 3113113113 311313313133 3 13311 13131331331 16131333113313133311.

7. 36. 33111 1. 11313333331133 1113333311 311 311313133333 1133331,
1311311111 131331333311. 31331333- 33 13333331131313313 13131131313131113
131613111313 1311 33311131 1316 11111313 33 111316 3133131131 161336363
1331133311 31313311313133 1311331, 3331161- 333113 11316 33133311 31311133, 3
1331 3113131133331331 1313363 6313133131113111113331333 311331333363131-
133333 3131131161 316113336 613131331333331 31311311 331331331316.

3333363613131111313311313113311,11311 33311 33131131131331 1336611
3331311333331131 31313313 33 3163333131 131311311133133333131 1313111 1331-
13111 33 33 31111313313313111 3113331331 161333113313131331313311133313-
13331131316 311 3113131133133, 3333311 33313311 1313331313131 31311133,

31311311 31131131131313 3133 316333 11313 333131133333331 13133331161336-
3113 3113131133331 33 3331331 3331311 313133131131 31331313311331131316
33131333 313 113111.

8. 3 33313636 13131 3113131111131 3111133, 1311311 1313131311133331,
3131131 31133 131336313131331113111113331333 333133 1131111311 131131333331
1333313161 11, 3111333161 3 1113331311 1333331133 1311113311 11131133131 33
31133131 13113 313113133331 131333 31313131, 3133133361813133131331
131313131.

33 31131313333313111 31133313311133 333131131311 1311111331 1311313131133
1133113331313 131333133113131313 3 1111333131 1333331133 1311113311 111311-
33131 33 31333131 131313131133 1311336331131 1311313131.

9. 3 33313633 13131 1311313311131 31113331 3113, 11311 33131 31331311
1313331313 3331131161 311333 1313131313 3311113113131 131333333331.
3131633131 311313133 31331113131 131331, 1311333131 3 331133113131,
31113111 3131 331. 3 31363313131 1113331131, 111333313113 1333133331 33
33111 1311113133113313313331.

111. 3 161336363 31131131131331 333113113333313 33113 3131311311131111313-
1333133131 333113 3 33313636 13131 1311113131161 313131336 31131311313331-
133331.

Wien, 1966. 3111 33133133 9-33.

,1 6131113113133111 3. 1.

:g 331 611111311131313. k.

 

