11 1891111111. 1. cz. 38. 111112. 111111611111.
E 11 1111111161 1991 ; 1. 1.-11. 1. 1.

11 1891 1111111. 1. ez. 59. 11111111 111111111111 111111111111.
E 1111111111 1111111111111 11111111 1991 : 1. 1-11. 1. §- 1111111 111.

11189111111111. 1. 1111111111.
11. 1907:1v. 1-11.,1 11111111 1111111111 11111. 111οοί111111 1111111 1111111111 1111111111 11·
1111111111 11111111111111111. “

111891111111. 1. cz. 18. 1-11111. Ι

11 190311131381111111.111.,11111111 11111111 1 16111111111111 1991 jan. 19. 11.
rond.. 11 [1111111111 1116 11. 11111. 1111111 11111111 11111111111111111111111111111111111111111
111 11111111111111111111111111 11111111 111111 1111111111 1111111 11 1111111111. 19111
19911 jun. 8. 19191111111391 11 1111,11111111111111. 11 111. 1111111111111 111111 11111
11111111111111111111111111111111111. 11111111111111111139111991 11. 11 11. 1111111111111111
11111111111111111111111.1911111. 1996 11111. 39. 113611 11. 11,1 1111111111 11111.
1111111111 11111 111111111111 1111111111, a 1111111111 11 11111. 1111111111111111111111111111
1111111 a. 11111. 1111111111 1111111111 11111111111 11 1 111111 11. 11111. 111111111111111111111111
1111111111111111111111111111111111111111111111111 11111161611996. 11. E. 1111 11111 ki·
1111111111 11111111 11111111111111 (R. T. 169.)

1118921111. 1. 1111111111.

1.1.1996;111.1-111. 5.1)111996;1111.-11.;1.1.19116 111111 91119111. 11111111,
1 111111111111111111111111111111111111111 1111111111 11111111111111 (R. T. 9891 1. 1.
19961111.26.11.Ξ913.111111’.11.1111.,1 111111111111111 111Πὶ11111 11111 111111111111
11111111111111(1111191111. 1916111111 51116. 111. 11. T. 11. rond.. a 111111111111111
1111111111Ιὸ 11νί 11111111 111111111111 11111111111111 111. T. 843.); v. 6. 199611119. 9169111.
11. 111. rond.. a 1111111161111111111Ιί11111 11111111111111111 11111111111111111111 11111111
junius 11182111 1913111111.1191111111111111 11111111 111111111111 (R. ’1.1611.

11 1892 1 V. 1. 1111111111.
V. 6. 19011111. 1.-11. 1. 5. 11 1111 1,-11

11 18921111. 1. 11111111.
V. 6. 1906 : 111. 1.-11. 2 1. 1111111. p.; 1719811991 P. 9. 11. 11, 11911111111111111111
1111111111111111111111111111111 1111111111111111111111 111111111111 1111111111111. (R. T. 1191

1118921911. 1. 1111111111.

V. 6. 19116 : 111. 1.·11. 1. 1. 1)ρ.;ιον11111911;111. 111.. 1 8111111111 19116 111111. 11111 111111
11111111111111111111 11 11 1111111111111111111111 1111111111 1111111111 111111111111111111, 111111
1.-11. 1118911111. 1.-11. 1111111111111; 19116ῑ1111. 1-11. 1 811111111916 11111. 9-11 111111 ,
91191111111111 11111111 11111111111111111.

11 1892111111. 1. 1111111111.
V. 6. 1996 : 111. 1.-11. 1. 1. f) p.

11 18921119. 1. 1111111111.
V. 6. 1111111-5111111111111111111111111 1996ε1. 1-11 ’1. §-

11 1892111111. 1. 1111111111.

111.1996111.111.39,999.11.Ι.11.1111., 1 111111111111111111 11111111111111 11 11111111111
1111111111111 111111 1111111119 1111 11111 1111111111 11111 11111111111111 111. T. 111111
1996 111. 15. 391191. 11. 1. 11. 111.,1111111111111 11111111111111111111191111 11111111 1111111111 Ι
1111911119, 1111111 11 11111111 11 1111111111 111111111 111111111111111 11 111111111111 (11. T. 16181

 

