1906· .· VH. t. cz. 131331331311113131111113 8111311131. 93

11131311113113 311. Ha 31 11131111 3 311311 31311111 111 1311131313 131313-
1131131113111131 1113133 111111 3111131111, 3133 1113131 11133 11131 11331
11113113311 131111313131131311111131111,1311 13131131 1111311133 133, 3131
131131111133 3113113 minden 1311113111 31111131111311 31311131 1111113131
31311311311 1313111313 3113311.

A 13111131 111313113311113113133111 131111 3131111113111131331 31, 13
3111311111 3 1111311 111 1311131313 13111 111331133133 3 13111111133111
3111111131 331111313 111311 11313131 111311 1113131331311131131131131131131
1111313311, 1311313133 11111 1311 311311311311313 1333131 311. 11113-
111131131 131111111313 313113111113, 13 3 31111111313311113113113111111131111
113131133113 311113131333 11111311 13 3111111131 3311113113111313113; 111
311 1311331 1311313311 11133 11311113331 31, 13 31 11131111 3113 311311

1111311131313 131313131311 131111 31111111131 1113311 1111311 13313111131131 ⁴

1311 1333
Α ’11 3111111131.

011333131133 1311311111311113111311, 313311311311 3 11. 11111 31311111
111331131111113111(113113331133 13113, 3 31311111 13131 111111 1113113-
111133 11111311 133111313113ῑ

113131 11113 3331133 3 1113311311 11113111 3 1133331311 31311111 111
1311113113 11 13313; 3 31133111 3331133 31111111 111 1311113113 13 1111311111
1111313113, 31131111111 1311131313 31111133133, 3 11131131 111311 31311111
11111131111311113111. Ε133 111 1311311131111311 3111111131131 3111131133
1311131131, 131331131113131133131131133111113131 1331311311313 1133311331.
11 31311 13131113 3 111331131111111311331, 111311 3111111311131 11311131.

,1313111111 13131 3331331131 1311 3113131331313313113 31311 1311131
1111111111οὲ 1111111111 111111”111111111.1111ἶ111
13131, 13 3 31311111 13131 311113 3331 1331Ρ11131131; 31 3331133 3131111
13131113 1311131311311111 31 1313111131.

111333113313111111 1111133 11 111311131113131131311133 3 31311111
13131131313111111331 1311311131 3 1113311311 11113113313111311133 131-
31131131 131113311 3311313313113 31133311 11111133 131331 1313311111
31311331, 1131313111111111311111 11131131 33113133133113.

11313313111111311, 31311 minden egye'b 11113 1111131113 31111113
3131111113131 1113111111311311331 13 1331311311311331 sog 1311313131 3133
1133113 1131 1311113, hngy 11333111131131 31311 31311111333111111311131
3111113131, 3 11131113 1333113111, - 1.916 3111131133 9-13 1133133131113
1111111131133 3111131311.

) Dnl Marlkernys k. ·
,1111113131 ..1

,11313 k
,131113 k.

 

