136 1996 : X. 1. cz. 1111119111 1911111111 111111111-8111111111111911111.

1111111111111111111111111111 1868 ; XXX. 1111111111911111 1111111111 ,
111111 iigyek 1111111111, 11111111113111 1111111111 1111111111 1111111111

11111311-1111111111 11111111-1111111 1111111111 11111 111 1111111 1111111. 111111131111911.
119191111911111..9911191199111191 9111911111
1111111111 1 ρο111111111111111111 111111 1111111111 1111 1111111 1111111 1111111111111111111111, 1 mbo]
111 ola 11 e 1111111 1111111111111111111111 11111111 11 19981111111111111 1119111111 1911111111111-
11111111131111111111111111111111. Ι . 1 .

Α 11111111111111111111 11111111113111 1111111111) 1111111-11111111 1111111111 1111111111 1111111111 11111-
111111 1 111111111111111111 te'nyleg 111111111311111111111111.1111111-1111111 11111111 1111111111
1111111111, hooey 1111 1111115111 11 1899111. 1-11 6. 1111111111 91 11111111 ily 1111111111 111111
11111111τί11 11111 11111111 111111111ιὲ11 nyorjen. 1 1111111 11111311 111111111111111111 1111819111
11111111 11111,

1131111111111111111111111111 11 11 1111111, moly 1 1111 1111111111 1911119111 1 1131111911 111111
111111111111111111.11 1. 111111-11111111 111111 1111111111111151111111111111111 11111111 11111 1111 1111111
1111111111 1111111111, 111111 1 1131111911 1111, 11111111 1111111111 1111111, 1111111 11111111111111111,1
11111111 1 11111111 1111111111 1111. 11111 11 11111 1111111 1 [1111111111 11111111, 1111111111 1111111-81111111-
11111311 111111 1111111111 1111111111. Α 11111111 11111311 1111111111 1111 11111111 111111111111
1991 11111111 1ῑ-1111 1111111111 1111111111, 1111111111 1111 11111111 11111 111111, 111111 1 [1311111111
1111111 11111 11111111111111111 811111-811111111111501 1111111111111111111111 11111111111111 11111, 1
1111111111 1111111111111111 1111111111 1111111111 1111111111 1119111111 es 1111111111, vagy 11111111 11
91111111111111 111, es hugy 11111111 11111131 1111111111 111111, 1 1111111111 llorvXt-Szlavonorszigok
1 11111111 11111 11111111 111111 1111111111111 111111, 111111111111 1111111 1111111111 11111111111111111111111
nom 1111111111ιό. 1111111 1111 1111 tagam-a, 111 sem 1111111111, hugy 1 111111 1111111111 1111111111-
ben 11 1899. 11 1999. 11111111 1111111111111111111 1 1111111111111111 11111111 11111111 1 1111111111·
3111111111111 111111111111111111111,11111111111111-51111111111111111111111911 111 111111
1191111111111111 11 1 1111111111111111111111111111 111111 1119111111 111 1111111111111111111111 111111
1899 11111 11119111 911111-81111111111111111 1111111111111111111111111111111111111111111111-1
111111111111111 1111111111111111111111111111111 - vonam 1. 1 111111311111111 111 11883. 111 V. t.-er„);
2 111111111111111111 111 11883. 1111.1.·11);8 1111111111111 11111111111111188811181118.
1.-11). 81111111 1111111111 911111-81111111111111111 1111111111 1 11111111 11111111·

1.1111111-1111111 111111111111111 11111111 11111 11111 1111111111111111111111(1899111118.
1-111ς 9.. 1 1111111-1111111 111111111111 1111111111 111111 111111 (1899. 111 111111. 1-11. 3. §.); &a
1111111111 1111111111 1111111111 11111111111111 1111113111ὴὸ1 91111111 11 9111111111111111, vagy 1 11111-
1111111 Ι1111111-8111111111111111111111 1111111111 11111 11 111 11111 111111111111-111111111ρό99 18991
mv. 11111111. 1.-1111111111 3. 111111111ς1. 1 1111111111 (1898111 111111. 1.-11.); 5. az 1111111111
1111111 (1899111 XXV. 1.·-cz.).

1111111111 [111111 1 most jelzeu 111111111111111111111111 11 11]· 11111111111111111111111111111111111111111
1111111111 11111111111111, 1111111 1 1111111 11111 11111111 111111111111 11111 1911111111111 1111111111 1111111,
1111111111 111111111111111111111111111111 1111111111 1111111111111 1111111111 11111111 1111111111 hi,
111111 111511 111111 11111111, 11113119111111-811111111111111111 1111111111 111νό 1111111 11111111111111-
11111111 [1111111111 111 11111111111111111111111, 1111111 1111111113 1111111 1111 11 1111111111 1111111-
111111 11111, 111111111111111 111 1111111 1111111111 1111111111 11111111 1111111111 11111, 1111111 111111-
1111111111111111111. 1111111115 1111131111111899111 [1111111111 1111111111111 11111 1111111111
11111111111111 jobhan 1111111111 1111 1111111111. 11111 111888. 1111 XXX. 1.·11. 1111111111 1111111111
11111111.1111111111111111, 11111 1881-111 1898111 1111111111, 11111 111898-111 111111-1111111
1111111111111111111111898. evi XXX. 1-11. 18. 11111111 11111111 1111 11111111, 1111111131 1111
1111111 1 1111111 11111111111111 1111 1 1111111111ηά1 1111191111 11111 11111111 - 111111111111111-
11111111 1111111111 1111111111111111111111 1111111 1111111111. &pen 131111899111111111111111
111111111111 1111111 11 1111111111 1111 1111111, 1111111111 ’111111 [1311111111 11111 1111111111 1111, 1 me·
111111 111111Ιὸ1 1111111 1111111111. A [1111111111 111111 ’,1111111911 11 1888111111 11 19119. 111111
1111 11111111 1111111111 111111111111111111111113 1111 11, hogy 11 1111111111 11111111111111111111 u
1881. (evi XXlll. 1.-11, 11 11111111111111 1111111 bv. 1111111111111111 1889. 111111 1113111111 11 11111-
118111111111111 1111 11111111-11111111-11111111 1111111111 1111111111, 1111111111111111111111111111·
1111111111 1111119111 111111 1 1111111-1111111 1111111111 1111111113 11111111 11111 1111 1111111111111
1111111111,11111111111111111111 1111111111111 111 11111 hiszos kulcs 1111111 11111118111111-
1111111111 111111 11111118111111, pedig 11111111-811111111111131111 · 1111111111111111111111111 1111-
1111111111 1111111 11111 11111111 1111111111 niues.

At 1111111-111111111111111111111111111,11111111111111111111 1111111 1111111 111111111111 1911111111,
1 111111Ιό1 1 111111 1111111111 1111111111 1111111111 111111 1111111111 1 1111111111111 111111111131111
111111111111111 111111111111111111111113111111 111111111111111111311 1111111119 11111111111
11111, 1 moly 11111111 1 11111111 1111111 11111111111111111 11111 1111111111, 1111111111111111111 (1ng-
111 11 1111111111. 1 1111 ek 111111 1111111111 lgy. 1111111111131111111111111111111 1111111111 81111011·
1111131111] 1111111111 11111111111111111111, 91111181111111111111111 nem 111111 1111111119 11 1111111111111.
11111 1111111111 fij, 1111111 1111111111111111111111 1899 111 november 111 1111 11111 1111111 11111111
1111111111. 1111111111 11111111111111111 11111111111111 argyro! is 11911111111111111 1991 11111. 17-11
11111911111111111111, 1 11111111 111111 111111111111 1111111111 1 111111-11111111 1111111 e 1111111111 11-

 

