19011.- VII. 1. cz. 113133113113111113333331133 8331333331.

Az

1311111-1131111 11 3111 1331133131333
1331111113 31311111 ·

1311 31.11313131313313131ο11111133113-1
331,113113113131133113133-,3311113-ξ
66 1111011111111111
313131311311111133 1313 3331331331 Ι
13133133 1113131- 311113 33373111131331,Ι 1
1111311333 kiv6k 1311133331 [1113311311
1ο313131133311 31111111 113113131,“
131313133 1113133-13111 1311133331
1313131131 1311333111 6ss2661606 311313 6
Ι3111111311111113133111 1133331 1313- 4
, 33 31
11131333313111331311313113131133 131113
111111-1111111. 031131131131.
1 1.1311131131331113111331131311111311
13331313 13113313311 111331 13131331
⁴ 131111 5 313131311131131313 333111
1.Ρὲ133131311311113131131111 1311113111·Ι
1011 (11311311 17311133 31131133333111Ι
1311111313 111311 az 1113131311113131
13111133 131111 p6tk6k, 1313333 3 111, 4
118,153 151. 33 153. 31.- -0k
3131311313331131331111 11133 1501
minden 31133131111313 3133 11311111
311013 1131131 1113133113
31331 3111313111 3131133311 31 vagy:
311133 1333331131 31131311, 3311331-
1131 131113133113311131 1313 31313-
131, 3313331133 3 111113133111-3111-
131 3313113 3331 1311313111, 3313 3
, 131131131111311313131313113113131-
131331, 133313 31111313 3131311313-
1311 66666 33315113 1131131313331131. ¹
1. 1333131331, 3333133313, 31133313
33 1311113131 1131331331 13111 3
xxm. 0311311113 1311313133331113-
11311131 k6sz6k 1333131331311 313-
13331131 3113113, 3131131 3313-4
131 31313331 1131311333 n66k666
33331 31133313 13311131133313111
pedig 3313131 31313331 11333131
nagy 066 sz6less6gben 1313 6gy 6
13111 1311313133 1131311333 33 3
3311311311 3131311331 1311111333 31131
31111131131313 33 3 31311311 331111111-ἑ

73

 

