1

1118771111. t. (11. 11. 1111101.
V. 6. 191111111115111111. V. 1111. 1111131111 1111111111 11111 ’1111111111 11111111Ῑὺ11·
11111111 111111111111. (fl. Τ. 1111.)

1118771171. 1. 11. 19. 11111.

V. 1. 1906111. 3. 5118311901. 11. B. 11. 1111111131111111 1111111111 1111111111 111111111
111111111111111111111111111111 1111111111111111111111111. ’1. 1.); 1901111, 28. 1181011901 11.
Β. M. 1111, 1111111 ψ1111111111111111111111111111111111111111 1111111111111 (R Τ. 11).

11 18771171. 1. 11. 13. 1111111.
V. 6. 1906 111. 3. 33119. 11. Β. 11. 1111,1111111111 1111111111 1111111 (11, 11, 1111111 111-
111111 11111111 111111111111111 111111111 1111111111131111111111111111111 (R. Τ. nau

1118771 XX. 111. 22. 1111111.
V. 6 1906 1111911 103189199111111. 1111, 1111111111111111 111111111111111111111
1111111111111111111111111111. (st Τ 611.)

11 1877 :XX- t. cz. 97. mimz.

V. 6. 1901111. 3, mmm. 11. Β. 11 1111, 1111111111 1111111111 1111111111 111111111
111111111111111111111111111111111111111 1111111111ὖὶ [R. Τ. 1.); 1996 1111. 3. sam. 11 B. 11.
1111, 1 1111111111 1111111111 1111111 (11, 11, 111111 1 111111111111111111 111111111111111 111111-
111 1 1111111111111111 1111 1111111101 (11111.)

1118771171. 1. 11. 191. 111111.
V. 6. 1903 1111111811113. M. 11111111131111 1111111111 1111 1111111111 11111111111111-
11111111 111111111111. (R. Τ. 1111.)

11 1877. XX. 1. 11. 282. 111111.
V. 1. 1906 111. 3. 33319 111.11.1111.,1111111111 111111111 1111111111, 11, 1111111 111-
11111111111111111111111111111111111111111111111111151111111111111111111 Τ. 119.)

11187819. 1. 11. 9. 1-11111.
V. 6. 1901111. 111, 1 1111111111 1111111111 11111. 111111111111 1111111 111111111ιί 111111111111-

1111111111 111111111111111.

11 18781 V. 1. ez. 81. 111111.
V. 6. 1900 jul. 11. 21191. 11. Β. 11. 1111, 11111111111111 1111111111 1 11111 111111111 1 111-
11111161111111111111111.111. Τ. 1001.)

11 187819. 1. 11339. 1-11111.
V. 6. 1 11111111 11111 1111111111 1111111111 1901 :HL 1,-11. 2. ξ. 3. 1111.

11 18781 V. 1. 11. 118. 1-11111.
V. 6. a 11111111111111 111111111111 1111111111 19071111. 1.·11. 2. 5. 3. 1111.

1113791191. 1. 1111111111.
V. 1. 1906 111. 1111 100011. 1.1.11111111.1111.,111111 1111111 111111 111111111111-
1111 111111111111 1111111111 1111111111111111111111111111111111141906. 1111111111 1111111131.)

 

