1906 : X V. t. 11. A 1191111111-1111111111111111111. 1111111111111111. 153

xv. TORVANYfflffl

az els6 (1111111111 1111111111111111 11. ὁ. 111111 111111111111111111
sziszok-capmq-vrqinmostl 1011111111( iolytaffisakem 1111111111
1111111011-111111111105111.11111111111111119111111111111111111111111)

151111111111111 1111111. 111 1111111111 1111 11-11. 11111111111111111 191111. 111 «omnus 1111111111»
191111. 111 1111111111 111 Men 1111111111. 1111111111.)

’1. 1. A ministerium az 1111 (1111111111ῑί 111111111111111 h. 1.. 11111
11111111111111111 sziszek—caprag-vrginmosti 1111111111 111111111111111

-—..—-.·...-.--.—..- - —. —--.—

‘vA 11111, 1111111111111· 1111111, min. 11111111111111. 111111111111111111 111111111111111111161111111
1111111111111-1111111-111111111111111111111 1 m. kir. 1111111111111 1111111111 1111111111 1111
111111111111111111111111111111 1111111111 1111111111 1111111111111111 1111111111111 111111 11111111 111111
1111111111111111111111111111111 1111111111. 1 1111111111 11111111111111111 11 111111111111111111
§abban 11111111111111111111111, 1111111111111111111131111 1111111111ἐεὶ 111111111111111111111111 1111111111
111111111111111 11111 11111. 1 111111111111111111111111 1 1111111111-111111111111111111111111111111-
11111 1111111111111 1111111111 1111111111 1111111111εὲ11 1111111. 11111111 1 111111111111111111 1111111-
18111111111111111111111111111111111111, 1111111111 11111111 11111111 111 1111 111111111111111111 1111
111111111111111111111111 1111 111111111111111111111111 111111 11111111111111111 11 18811 : 11111. 1-11.
1. 1-1 11111111 111111111111 11111111111111111 1111111111 1111111111 11 11111111111111 1 1111111
111111 11111111111111111111111 1111111 1111111111 1111111111 1111 1111111111111111111111 1111111111
1111111, 1111111 1111111111111111 a 111111111111111111 1111111111 11111 1 111111 11111111 11111111111111111111
1111111111 11111 111111111111111 11111111τό11 1111111111. s 11 111111111111111111111111111111111111111
11111 1111111111 11111 111111111111111 1111111111 11 111111. 1111111111 1 111111111111111 1111111111
hiarium! 111111 1111111111. 1111111111 11111111 1111111111 1111111111. 11111 1111111111 11111111
11111111111111111 [111111 11111111 1111111111111111111 1111111111. Erre 1111 1111111111 11111111 1111
vasum vkgleg 1111111111111111111 1111111, &s 1111111 1 1111111111 1111111111 1111111111111111 111111
111111111111111 1111111111 1111111111, 15111111 1 1111111111 1111111111ὼί 1111111111111 11111 11
1111111111 11111111Γ11111111111111111 111111111111ἶ111111111111111111 1111111111 1111111111,

A·l. 1111111111111111 11111111111111111 1111111111 11111111111 1111· 1111111111 1111111 111111 erdem
1111111111111111111111111111 11111111111111 111111 11111111 111111 11111111111111111111111-11111111ᾒ
11111111111111111111111111111111. 1ῖίὲέ1 ’1111111111111111 1111111111
11111111111111 1 1111111111 11111111111111111111111111, a 11111111111111111111,11111111111 1150111111,
111111111111111 1111111111 111111111111111111 11111111111191111 1111111111 111111111111111111. Α 1111
111111111111111111 1111111111) ’1311 111111111111111111111111111111111111111111 11111111111111 111111-
11111,1 113111 1111111111 111111 111111 1111111111 1111111111 11, 11111 1 111111 11111111 111111
11111113111 1111111111ηὲ1 11111 1111111111ιὶ111111111111 1111111 111111111111 111111111111111.
111.111.11111111111111111111111111111111111111111 111111111111111111111111111 111111111111 [oly-
1111 111111111611 1111111111 11 1111111111111 s 1111 111ο1111111111111111111 1111111 111111 1 1111111111 1'11'
11111111111111111111111111111111111 111111111ῑ 1. ,1111111ῃοί11 1111111111111 511 1111111 1111111111.
2. 1111111111)ᾱὸ 1111111111 1111111 1111111111, 3. 111111111111111 1111 111111 1111111111. 1111111111-
811111111111111111113111111111 1111111111, 1. 81111111 1111111111 11111 111111 1111111111.11.1111ἰ11
11111111 1111111111 11111 111111 1111111111. A 1111111-11 111-1111111111111 1111111111111 11111111111111111111-
tiso 111111111111111 111111111111111111111111111111111111111 11111. A 1111111111-1111111111111 1111111114
11111111111111111111111111111 bs 111111111111111111 1111111 1111111111 1111111111, vagyis 1111111111-
11111111111111 111111111111111111 111111111111111 mog. 1 moly 11111111 1111111111 11111111 11111111εὸ11
111111111111111. 1111111 111111111111) 1111111111 1111111 111111111111. 11111111] 111111 1111111111111
11111111111111111111111 11111111111111 1111111111111 ,1111111111Ιὸ 11ςό1111131 1111111111111111 {mmo h.
1111111111 ki. 11111111 11111111 111111 1 [1111111111ιὸ1 1111111 11111111111111111111111111111 1111111111-
1111111111111111111111111111111111 111111111111111. 11111111 111 nem 11111111 11111 11111111 1111111
11111111 11111111 1111111111111.

A mamm 111111 1111111111 11111111 11 111111111111111111 11111111 330111. 111111 11111111111111111
111111111111111111101-1,11111111181111111 1111111 1111113 11111-11 1111111111ςί 111111111111111111111
111111111πί 1111111111 11111111111 111111 1111111111. 11111151111111111111111 111111111111111111111111111
Ι1.111111Ξ1ἰ11111 1111111111ςί 11111 111111111111111111111111111111111 111111111111111111111111ςί 1111111111-

s an 11.

A elyi 11111111 1111111111111111111 1111111111 1 111111111111111111[1111111111111111111111111113111111 A
111111 11111111. 1111111111 181111. Avi lV. 1.-11. ,1. (es 1, §wi alaijn, 11111111111111111 11111111111111111
11111111111111111 a) 111111111111111111111111111. 111111111111111 1111111111 1111111111111111111111-
1111111 1111111111 1111111111 11111111 111 1111111111 111 11111111 1111111, *1111111111 1111111 1111111111111

 

