10

Az 18811111. 1. 1111111 1. 11111.

11. ὃ. 1966. 111111311161111.111111, 1 1111111 111. 61 11 1111111 11. 111. 11611111
11111 1111111111 11111111 111111111111111 161111161 1111111111 1111111111 1 1161161111 11111111111111
11111111116111111111111·61(11.’1“.1111);1996 jun. 16. 11660. 111.11.1111,111111111111”111111,

161111111111 11 1111111111, 1 1111113111 1111611616 1111111111 1111111111 11111111 1116111111111111
111111111111111166 111111111111 1111111119111161. (11. ’1. 911.)

1118811111. t. 11. 12. 111101.

11. 1965 111111111161111119.11.1111,11111161 111111111 11111111111111111111111111-
1111, 611-111 1111111116, 16 11 11111161111111116,11111111111011-111111111116,1ὄ 11111111111111·
11116111111111111111111689111111. 1-11. 11. 111111 1111111111 611111 11111111111111111111111
1111111111161 (11. ’1. m„ 19115111166911 11 P. M. 1111, 11 11111111. 1.·11. 1111111
1111111 1911111111 1111111111 111111111111111111 11111 11 1898:xx111. 111 70-15. 111111111 11111111
1111111111 1111111111 1111111116 161111111111 11 1891111111 1111111111 1111111111 611111
1111111111 11111111 1111116 (1111111111 (11. ’11811ς 19611 1111. 19. 1111111111. 1111, 1
11111115111111 01111111 1111111111111 1111111111111111, 1111 11111 11111111 11111 111111111116 1011-11
1111111 11116111111111 1891ε1111111 1.·11. 11 5-1111 111111111 6111111111111111111111111 111111
1111111111161 (R. Τ. 113.); 1911611111. 11. 61911. 11. P. M. 1111, 1111111111τί 11116111111111111-
111 11111 1111111111,1111111611111111616, 1111911111 1111111116 Β) 11111111, 1111111 1111111111111
11116, 1111111111 1111111116 C) 11111111111111116, D) 11111111, 1611 11111161111111116 111111111111-
111 11 1689. 111 XXX. 111 11. 11111 1111111161111111111111111 11111111 11161111111111161 (111. ¹
616.); 19116111.13.86,166.11 P. M. 1111, 11111111 111111111611911111116 11111 11111 11·
1111111111, 1011111 1111111116, 66 11 11111 1111111111ηά6, 1111111111111 11616111111111111111 111899. ’
111 111111. 1-11. 11. 1-1111 111111111 111111 1111111611 11111111 1116 1111316111161 (1.1.1111.);
111116 111. 8. 11316. 11. P. M. 1111, 1 11111111111111 01111111 96111111111111111 11111 196, 10011 11
11111111 111111111111111111111 1111111111111111111 1611111111111116911111111. 1-11 11. §Man
1111111111 611111 11111111111 1111111111111661111116111161 (11. Τ. 591.); 19061111111111 “1. mm 11
P. M. 111111.. 1 6111161 1111111111 ’11111611111111 11111 11111111111 69 11 111111111111111 11111 111-
11111111161·”.)111-111111111116 111111111111111 11 Mamm. 111. 11. §Mun 1111111111111111-
11111111 11111111 1116111131111116101. ’1. 1996).”

11188211111111. 1. 1111111111. .

V. ὃ. 1911111111. 16. 111171. 11. B. M. 11111, 11111111111111 11111111111111 111111111 1111111111
1919111116. 11. fl. M. 1111, 1111111111 161111111111111. Τ. man 1. 6, 19116111. 13. emm.
1961111111. 1111, 1111111111 1111111111 1 1111111 111116111 1111 11-1111111111111. 1111111
1111111111161. (11. ’1.11;1. 6. 19116 6161811906. 11 11. M. 1111, 1 161111111616, 1111111111
111111 1111116 1111111111 1111111111161 (11. T. 77.); v. 6. 1111161111. 111. 111119. 11. 11. M. 1111,
1111111111111 11111111-1111111111111111111 11111111 1111111111111 1111111111161. (11. T. 213.); v. ὃ.
1996111. 1. 136111. 11. Ρ. M. 1111, 111161611111 1111111111]1 (111111) 1161111111 11111111111111-
1111116 11111111111111 1111111111161.(11 Τ. 6811), v. δ. 19116 jul. 3. 51191. 11. P. M. 1111,
1 1111111111 11611111111111111111111 1111111111 «menendum-jag„ 11 116111111111111111111 meg-
11111111111161. (11. P. 991.); 1. 6. 1966 1111. 11. 1931911966. 11. 11. 11. 111111.,111’11111111’1111-
111111 1 11111111 1111616111 1111, 11· 11 11111111, 1111111 1111111111 1111111111 19116 jan. 13-11
116171196111. 1. 11111111111111111. 1-1111 11611111111161 (11. T. 996.)

11188311111111111111.

1119115111111. 11. 1111151. 11. 11. M. 1111, 1111111 11111111111111111111111111111111111
1111111111 1111111111 16111111111161. (M. Τ. 116.); 11. 19116 11111. 11. 11661. 11. 11111111,
ι1111111111111111111 111111 1111111111111 [1116111111 1111111111 1 1611111111 111111111111 11. 111. mi·
111111111111888. 111 1111. 16 2-11 1331. 11 11111111111111111 1111111111111111111611111161.(11. Τ.
111.); 1. ὃ. 19951113. 16111618. 1111. M. 11111, 11111111 1111111116111111111111 1116 [1111111161
111111111161. (11. T. 611.); 1. ’6. 1905 111, 19. 11. 111613. 11. 11. M. 11111,11111111 1111111111111
1111611111· 1111111111 1686, 111 1111111 111 mh. 11. 1. 1111111 111111111111111 1611111111161.
(11.1.111.); 19115111161619. 11. P. M 1111, 6111111111 - 1111111111111111- 11111 11111-
111111111111111 16111111116111111111111116111111111 11161 1111111111111111111 11111116111111111, 111·
1111111161 1111111111111 1111111111 11 1111111 1111111111111 11111111111Ν11111111 ’1111111111 1111111111-

111111111111111161111. Τ. 1311 e's 13111.

 

