1906 .· X. 1. cz. Pdnzayyi eqyezme'ny 1133331-8313333333339311331. 113

33335313313331131 3 1333331131 33333333 3333331331333331331, 3131
1113331, 333311311113131 meg 1313311313311.
1133331-831333333333531331 33 11331 313 333 133333131 1333331131

33333 113313 133133333133 311331 3333111331 11, hogy 133331-8313333- ⁴

33333331 111 1311313113 1333 333333 3113333331333313113331131, 33333313
531333333333331133 13133 3113313331 1333331331131331131 1331333331-
331131, 3333311133 3331333 33331 3 13133 1333331 6. 1-3331 1313-
33333331 313. 3331 3331 3 113333313333133113, 3 331131 33 3331
1133333331 33131311333331 - 3 13333 13333111 1113313133 1311331311133
333 33133 - 33 3113313331 13331333331 33 3 13111 1331333331331 313-
3111133333133133331133 13331333331 131331.

1133331-831333333333831331 3 ⁶2. pont 313 333 1333331331 13333331131
33333 1333331331, 3333333333 33 1813 : 1111. 13333313311133 3131313 3331-
111331333131, 33 333333 13133131 131333 1311333331 33 1313331131, 1333113
313113133331131, 3313313133 3313133 3 1333133 31113333 33 31 pont
313 333 13333331131 33333 1333331331 311331333311131331 11, hogy 3 33-
gyar 133333 3333353331 3 33133133 31331 333333 31333 133313131131 13-
33331331 33 3333 13331313131331111333331 33 1113331133 133313333311333
333333 11333331 - 3 1333313333511113113133 1311331311133 333 33133, —
s 3 3311313333 3333333331 igy 331311333 331113313133333133131 33
33313133333131331331 3335131313 311103 3313111 333313 1133331-8313333-
3333131331 33311313 133333131 1333331131 33333 1313333133 3133331.

1133331-831333333333331 1331131 3333131 33331131113333 333333113313133-
1333331331331 11013 1311331 3313 33331, 3 3311 313133 1. 313313133-
3333331 33333113333313333131 133331-831333333333131 1311133131331 33311-
{fegleteingk 1333313333 13313333111113313133113ΙΚ3ΞῩ1Ι 3 313133311133331,

o 3 . 33133 33 13313 3333333333 svo-os 3333333
1313313113 geg 33133 33333131. 313311311113333, 13 3 1331333331331
1903131 133333 33331-3333 33 31333 331 1333331331 3013331 3331133131
3313313 3333 313111 33333531 3311131333 3333, 13 3 333331-8313333-
33333131 1331113133 13133 311331 3333113133333 113313 133333133 331901.
33133 31331 133333133 313 33311333, vagy 13 33 1. pont 313 333 33133311
13333131 33333 13333133 1333331131 1313313333 31133 13113333 meg-
3313331, avagy oly 3333331331 3333333313, hogy 33 3133333133 33 1931.
33133 31331 1113333133 313 33311333 3 3311111, hogy 3 1333113313 33 1. pont
313 333 33133311333133333131 1333331313331313 13333311311131331333-
331 1311133 13131131331,-3133 333133 3 3311333331 13113333313331-
13333; 33 31131 1133113 333 3311333333 p'edig 333331-831333333333331
1331131 3333131 1133331133 113313 1331333331331331 56013331 3111111 3
133331133313313 33311311313333 be.

(1.1. 13 1868311. 1.-33. 18. 13 311331333331113111, hogy 3333
1333331331 133111, 3 331131 313133 13333313. ,333333131133331-3313333-
33333531 1311333331331 3331333313 33 3 13333 331311311338311113311335-
333133331, 1133131331

α)3 13133333 1333331331, 3 331131 13331133 13 3 331133 133333
33333131 33 O 1313313 13111 3333333113311333331331 13333111131131133-
131331 1333333333 3333333331 31;

b) 313333 13313513331331 3331, 3 331131 1133331-531333333333331133
13331133 13 3 1333381 11333331 1333333333133311131131331;

 

