1611 111. 1. cz. 16111161611111161111118111116111, 16

1161111161 161116161111 1 111111 16116111616116 11116116, 1111111111-
111111 161611111116116 1111116161616161 11111111111111611161, 1 11611111161
3111 11111111 16111616161 131111111111113111 11111 11111111 1111111111-
11111111111111111111, 1116161161 1 111111111111111111 11161111111111616161,
11161161 11111111 111111 16116 1111111 16116116161 1111111 161161161161
116116; 1116111111 16161 1111 11161611111111111, 1111 1611111111 111
1116116161616116111. 1161161 11111 11 11116111 161161116116111611 1 1111111
111 1111111111111111111111 111611111.

11. CZlKK.

A 11611116 11161 111, 111 11111116161161 1111111161111111161111616161
1616116111111111111 61111111 111111616 11116111, 1111 111111, 1161161
111111111611161 1611111111 111111111 111611161 16 61 111131111111161111111
111111 1611616161 111161116 1111111111111, 1111161111616116 1111111111
111-11111111111131 1116111; 111111116161 1111 1611111111, 1611111111 61
11111111111111, mint 11111161 3 111111111111 1611161161111, 1 11611111161
1111 1111161116161 61111311616161111111111111 16111616 1616161161161.

1111 1111, 11161161 111111111611161 161111111111111 1111111111111161111
11611611 1611611161611 111 111111111161111616111 11, 1111111 be, 111111-
1611611111 11161161; 11 11116111111111, 161111111111 61 11111111111111, 11111
11111161 1 111111111111, 11131111111 1611616161 111111111111616161
1161161 111111111, 1 1161111161 1111 1 111161116161611111111616161
1111111 11111 111116116 1616161161161. ⁴

Asentebbi 111111111111111 11111111111111 111111111 11111 161161616116111,
11111161161611111111 1111111611111 1 111111111 11 111111 1611611161
1611 61111616 1111111111 1111 1 111161611 11111111111 16116161 11113161
16111111161 1111 116161161616 111111116161611161611111111111.

1161111111111111 111111111111 1111 111161616116 16116116111111
111111 161111111111111111111111 6116116161.

1161111161311611111 16161 61111611111161611116111116161611111
1111111111 1111161111161161161 11111111 11111111616161 11111111111111111161,
6111111161611111111 111161 11111111111111111 11, 1 111611111161161161616
11611611, 11111113111111111111.

13. 1111111.

1111611111 16161161 11111111 111, 1111 1 1111111 161 1611161611 1111
116116111161 1111111111111, 1111111111, 11111111111111111111111111111-
11161 111616116116161. 11161111 1111111 111111611 1111111 1111111611 6
11111616161 11111161611161161116116; 1111116161, 11111111 161 16116-
111, 1111611161 1611161616 1116161161611, 1111111111 1111111 61111161161161 61
61111 111161.

111611111161616111161161 1111111 111111111111 1 1111111161 1611161611
1111111111161161116116161,111111111111111 61 11611611616161 6116161111,
11161161161111116111111111 16116111611161 1611611111 1611161 11111111
1611611161 11111 11111111111111 1111111111 111111.

1116161161 111111611 11 111111, 11111 11611111 16161 6111116161 16111-

161611 1 1111111111 111111111611616 6161161 1116111111111116116116111111·
161611611 11111111 11111 1611 161611 11611116. ⁴

 

