88 1906 .· VII. 1. cz. Kereskedelmi 3333331133 8331333331.

3331 13131 31131 11113331 133333113111, 33331331113131313133313113133
31133311 1331131 1133131331.

3. 1131331133131331 3313113333313133 3131113Ιὸ 3133 13333311 1113131133
1313131131131 1111113113313111311 133131311133313333131131133, 31311-
3331133333133 3133 13333311 1311313313,1331313331111131 1331131313
1313111133113135113131111131133331311133131311 1133113133 1333113 1133333-
13133 3 313311131 133113131313111 JJJipaJJeJepJJJJ 13331331; 3 33133311133
33331 ngidej6leJ 31333 1113313131113333331, 3133313131113333313331133
, 3111113331 JJJgJ 33113131133311331 311111331111333 13 1131111131. 113311333-
13331113531311313331111311111 33313333 33311133 33311331313113311111331113-
113111333133113133 3 JJ6nz6gJJJJJiJJiszJeJJiJJnJ06) 333333313331331131 13313313111

1311113 111113 3313111111 31311311 J 1113333113311331131 3 3333313333131
11133331 13331333 3111311 1131131 13 33133311133 33 egyik 3331311113 131
3131313113331331 133331 333313, 3111 3 313311 1311331131313 1313 33331311·-
11311313 13333331, 31 311313131131 1311311111313133311 1311333131313313331131.

1Η333113111131131,1331131 beingJithJfflJg 111131 11331311 1331131 33133-
331,111113 3311311311 13111311.

Α 3. 331 pont 313111 1133131331333311111 11333131 3131311’ 33 31133311 3311-
131, 131 3331 1131333311 1333113131331333113133111,333111133133 31131111-
13111 1311131113333331313 1331113133131,3113113111313 313333313131 33 33 3113131.

6. 111311331133111 1333331311 1331131, 313113, 1331113131 313311-1313-
33113313133333131, 1313331111 33 1131313133133331-3333131133133333·
13133 JJgJ· 1111313331 1311331133333 33 31333333 3131131131 11331133311311·
eJ6gb6l 3131111 1111131131, 131113133311111131331;3111113133113131,
1331131 31333 3111133331 33333311 1111313331 1131311333331,31311313131-
13311133 13333311311131.

1311111 3 1111111113311133311331331 133311311 1113331111, 3111331113 311131
313333113133333133. 1311333111 3133331 13331131311 3311131 1113113113111111-
11111133.

1313113 33 3133111 31131- 1311333113 3 13133333131- 33 313333 1113-
1311 1333113 33131 133311313133 3131131131 1111 131133333113111113113113133
3331331133 JJJJJJJngJJJse‘g 33113311331133331 33313333 1311311311111
napi i66t6JJJJJJJJ 3333111311 JJJennJis6ngJJ.

6.111311333331113331111131 3331131113113333131 13313311 131333331331133-
11311313111111, JmJJJeJJ 13131313333 1313 666JJ6sn6l 3333131131 JJJJJ
· 3331 13131111133313 szolJJ'Jlnak, 33 3331 31133 3333 31131 1333133113,
13513313113131111131111111 113333133331, 31131311 3 1113133331 3311313
333133133311311η11 311131311113113 3131131 3333 3331131131 1311333313-
113131 vagJ 333131 3 1111311131. JigJeJJek.

13131 33 3313 31111131, 3 333333313311131 33 13133111131 3111111, 113

1313113333, 3113113311331111333111131 11331313333313111 333331113133333331131-
331 33 333113 33311 31131 131111 313 131331, 1331133111113111331 113333-
133331, 1313133 3 1113133331 3 1311311 3131133 11313331131331; 311 13131 33
33131 3111313113 1331131 3133 3331131131113111 333313113131,133131113131
JJJJJ 133131 3 1111311133 11113331.
“ 1113331331311311311333111133313131331313113131313131131111313131133
31, 3331133 Js 13 3 1131333131 1113133113133 3331 333113133113133131311331
3331113111, 3333133 1311333113131311 3331111113131131313331113331131313133
1131131 3 33311311111133133131333133331 3331113.

 

