10 1906 .· 11. 1. 91. Α1111911111111αν119 119911. 91191999 99119111. selhatalmazdsrdl·

A 19199 11119919191 91911 1911919199119 9191119 91 1901. 91119191991
1911911 minden 119119 91 1901. 911 111199319199 19191919199119111991-
19911.

3. ἕ. 11 1901. 911 1919199199 1991193 911111, 191919191 9 1991193 19-
19111191919191 99 9 1991193 9191119191911, 1919911919 199119319119911911
11911991 91 1901. 9119119911 111199319199111 91111 1901. 911 XXI. 111-
199191111199 9193111911911191919191, 9119191 99 1919191 9191191911199199-
111 91, 9 1905. 911 111199319199111911199919119911 11191199119199 91
1810. 9111111111. 1.-91111 91. 1-1199 99 91 1880. 911 111111. 1.-91111199 ·
19319111991911919991111 911911193 911111911911 19191911919991199991199111
19919. 1999911999 egyes 1191191 1931 19191911 19191911991193 91 1901.
911911999111199319199111 91111 1901. 91111111. 111199191111199 91931119-
11191119991119111 911911193 1191191191191; 91919919 191919191, 9119191199
Ι1919191 91911 9199919111 91, 9 9191191 91911 1991193 119119119 191191,
19111999191199 91 9119199 minden 93199 9991199 1919191199 1191919-

13[111699 19919119199 91 1905-111 191919919 199911911 19191991991 9991 193-

1919199 199.

111181119011 9119 91 91911399 191931191991 1111911 191999 111-199
9 91 9191119199 1119191991 91111 11919911 1111911999 1119191911 111911 az
1883. 9111111. 1.-91. 9., 10. 99 11. 1-91199 911111 9111919191199 1119-
1119111 me.

p 5. fi. 11 1905-11 91111 911191911,19Ι991191 91 1900. 911. 9931919111
911191911 111911191191199119119199919 111911911 19111919191 1119191111

1. 1901. 199911 1-19111 91 1906. 911 julius 11-9131999191911199191
91191191991 19119 91999.

1. Α 19199 9111911911991 191 9319911 1991191199, 9193 119113 91 9191

¹ 19911911906. 911119119313, 9 19199111 1991191 1901. 193913 19911911.

911 91191 9119199990 9111911911991 91111, 91199 911111911, 9 111-
991 911 191191199 100 1919911 9919 91 91, 1999191911 1919911919111911191-
991 19119 91999.

1. 11199 11111 1911919191911911191991131911919191. 11931 93199 911111-
991191919111919191919 919999111911911 1993111911911 1191111119191 191·-
1911 19199111919939191191199999,91191999191191 19199191, 19119191 991111
9191119119119 9931913119, 9191119199 91111111911399111 9991911911, 9199-

9119999.

g 1. 1911919199119111 191911191991131911919191, 19319111191911911911-
991 1911999919 99119, 9 11919919 111919191191 19111919991 1991119199
131919919191919191, 9119199 919991911 91991 1919911199191 9939191191199-
999 91919191119191191119 9 1999191191 19919191911991993911999911)

19 91911111939991911 139191319119913 19999, 119 9191991 9931 991931 19191, 9991193 991931
1991199911 1119191991 19 91111, 1931 191191 91911111191911 9111919119 9 11111 111 9191119191191991.
1119119191119919119991 1999919199ηὸ. 9999019199993911 1919199 19119191199 1993191911 991191919-
91911999119111119119111991991. 11191191 az 99391919919191 a 11190993 19119119 1991919 91111991-
1919919119, 9 1991999999 1991199 91 1191919119 is. 119311191991199111911913911111911911919119
911 is. 1931 911 119111191199119 191119191111111119111919999191991911991139199 9 9191111
19111919991991, 99 9 19119191199 91 119193311199991919119119919991 91111939199991111199199111
9099111991 99 1919119199119391919991993199 1991991111. (1906 9111919 1130111. - 28. 99. from.)
11) V. 1. 1808 junius 101011. 91. 9111319119. 1991.. 91 1901. 91 1. 9931919991 1139111 191919·
19191911 91199911919119919911999111 19110. 11111111.

 

