16

111 1888111. 1. 11. 7. 161101.

1111111111-111.1.,111111111111111111 maximarum 1111111111 111611111111 11 111116.
111111111111 111111 1111111.

Az 18881111. 1. 1111111111.
V. ὃ. 1911611111 ’1. 11170. 11. F. 11. 11116, 11 1111111111 ductortuus subflyuta. (11 T. 616)

11 18881111. 1. cz. 183. 11111111.

1.1“1. 19117111118683111. 1911611 F. 11. 11116, 111111111111111111111111 111111 6113111191-
11111119111. 8161111111 11111611. 19. 11.).

Az 18881111. 1. 11. 158. mimz.

V. 6 1911611118111811811. 11116.. 1 1111111111 111166 11111111161 11 11116611111111-
1111111111111 (11. T. 11161

111888111111. t. 1111111111.
111. 19116 111111. 19. 11911. 11. 11. ,11. 1116.,111911“1’. 1111 1111111111 1111116111 11111111111111111Ι
11111111111111111111 1111111111 mmmmm& 11111111111111 111. T. 16111).

11 18881111. 1. 1111111111.
V. ὃ. 1698911996. 11, F. 1111116, 11111111111111111111 1 111111. 1111181111 11 1111111111-11111116

11111111111111111111111. T. 873.); 1911111111, 1611111111111111116111111111111111111111111111
19113 jan. 31-111 161611 1511111111 111111111111111161.

As 1888141111. 1. 1111111111.
V. ὃ. 1915111. 11. 6111811. 11. 1. 11. 1111. 1111111311 111111111111111166-1111111 111111111111 1ο-
1111111 111161111111111111 11111111111111 11111161 11111111111111111161111.1.111.); 19116 aug. 23.

60‚018. 11. 11. 11. 111111.. 11 magos 11111111111111111111111 1111111111111111111161111161111111111111
1113111111111111111166 1111111111111111111161111 T. 11171).

11 1888111111. 1. 1111111111.
V. ὃ. 1111111-811111111111311111 11111611 190611. 1-11. ’1. 111111.

111 1888111111. 1. 11. 50. minoz.
V. 6. 1911611. 1-11. 1. S.

1118811111. 1. 1111111111.

V. 11, 19116 1111. 18. 17111. 11. 11. rond„ 1 1161111111γί 11111111 11611111111161 (11. T. 319.);
1911111111.9.16·111.1111. 11. 11111, 1 11611111111 11111111 11111111111111 (fl. 11111111 19111
aug. 17. 66669. 111111. 11116, 1116161111111 1111111 1111111111 1111111111 1 1111111111 1111111111·-
1111111 111111111115111111166111111111111161111161111 T. 6711); 19116 11111. 8. 171. 11. 11. 11. tend..
1116161111γί 1111111111 111611111111111 111. T. 81911 11111 1111. 11131181. 11. 11. 11. 11116.. 1 11. 11
111. 161111 11611111 1111611111 11111 1 manumisi [1611111161131111111 11111111111111 1611111166
1111111111 1111111111 1111811111111 111111111 11111. 111 7213. 11 11. N. 16111116. 111111111111111
’ 111. T. 6311. ·

11 18811111. 1. cz. 8. 1111101.
1. 6. 1911611. 11111. 1.-111. Β.

1118811111. 1. (11. 11. 11111111.
v. 11. 11111611. 1.-11. ’

 

