152 1906 .· XIV. t. 81. A 1818881-888188811. 8. 8118111181

1881181 1118111 8888188881 1818881 8118188888 81 8 8888881181 181-
18811818. 8. 1888181 088888 8888188811 181818818 8. 8. 18881881 81
1881). 811 XXXI. 88 81 1888. 81111. 18118811111181888 18111811 1811818181
81811 188818 881818118188818 8188881 1818818188118111.

21. Α 18188181818188111 minister az 81818 §ban 88111811 1881118818
181181888888 1881188881818181 1881). 811 XXXI. 181188118111 1. §a 81181-
188888 81818181118188881 18188188118881.

3. fi. 18188 1811881 81 101818118818118811811-888 1818 1188181888
8811188 188 818188 8 18818881888181 8 18188181818818111 88 18811111
8881818181 81181881 meg.

-— - .-..-...-.-..- -—.—-——-.

188111 8111188118 ks 81111818 1111118811 1881118111118881 1188188118 1118118888 8118111811 8188888811
1181118181888 :mmo 181888 1181118818 11. 1811881 11111111) 1818888111118 188818818111111811118811881
11188818181118181181111881 1111188811111188 1811881818888 8111111818. 118188 1811811181888818
11811 118118 181 8181 88818111 18811 8 118118 1811818181888811811 88881 111188 1881888181. A 181111 18
8111188188 8118181188111881 1888 31188 1111811111 181888, 188118111111181811181181881188111,11811 81
18111881181811, 8818188888 8 1881118118 18118818-8811, 11118 81811811111111111181181881 1811111811
11111781888 818818118ςί 1118118818181 81181118111188888811 1881188111 181881 1188181111181.

8181181811188118181818188818 81. 8111118881 11818181 8 18181881 8811111111Ιὲ881 81111811181181;
11818-11811811181188118 18118181 78111111181888, 8811188118 1818811 18818181 11181111 181888, 8818881
818881 111, 18188 18818181 1111111111 11818118, 1188888118 8818811 18811181 711111111181888, 11811181 181.
”X 881111101811111181111818818111 111888111111111, 811· 8,,-
188 - 181118111181118118181881188111111188818 1 1111111118 1111181 88111181811881 811181181118
111118881τ a) [118188111111881 8181181811118, 8 88811811111188 1881111118 8111111888 88118181 8111811811
111818811818111111811118188118818188811111111 181888 1811111111 111888 181181111888; 118
118111 811111 1888181 88118118118111 1111111 18118 111881 8188181881, 8 81111 811111 18881 111111888-
81 81811811881181 8118111811 8811881881 8118188 11118188188181111130181888 1111161111 1818881818-
81181818 88 111118118 818881 881181111111881181 81118881 1188111811, 118111 81811811181881 81881181
811181881188811. 88111888 1881181818, 18111188 118 81811. 18111111118888111118 8111811118 18 18118-Ι
Ι11111811 181118. 111 111818 8118 88111111818881 8 1881111188 81111881 88 11111188188181881 18188811 11111118111
11118-81118111, 8118811811811 1888. 811 1v. 181181118111818 1881118111811 111-111, 88811818 11811
111118-811815111818811181188181181181881.118188881888 818111811 ,1171111111 1811181811 81181811·
111,11111181818181111ἰὲ1’11111181111811111111111101118111111
’1 ’ “ . . 1 ’ 'd ·
81181 8818118111, 88881 [1181888181 11 8181888188ῑί 181111111881 181818111818181188118181111-
1181 1111818818881 1111 188188181818. 11 181118118181118 88111 811818 18881 11118181 a 18811181
1111111 1888188881 11111881 8 8111118 88111111181118-88 811881118818 8111111811 8181181118 81811111
811818188111181188188811, 8811 8 88111 811118 1888188 811818818818 81881811- 1811111181888-
88118 118111 111818 1888188 81 8118111 111818 81. 111. 8118181888181 181811 18188 1118888888 181888
8 111881818181811111 181818111 18188811881881 1881811181181 881111881118181. 11 1 1881888 11818818
1111111111όεί 8888188881, 18181118118811888 1 81111 811118 188811818111111888881 181181118181118881-
ben 1118888818 8888818118Ιωί 118188188181811 1118 81111 811118 18881811 18181811118888111188181
8181811 1811818181111. (190819111181.1811118111) ,11 18111111181118111 az 19118 8188118811 7.
(181181. 8111. 11. 1181. 181181818111 (191111. 111. iis-22.

,1 111118. 181181118889111111811111118111· 18111118811881. 1811881111 8118. 118118188111818 18811181

8111131111ἔί8 181181881181888 1118881 81111 11 8 88818188188118 8 81811181 ,1118111 8118181888181 11818-
pest-82⁸ 8118-188188118 111118 1181118888 1818 18181118 81888118-11111118 1118 11118 18881181, 811
811118-118118111118811181 belli 8111111 18881 1888111181. 18118111 1818881, 8811 8188 1188ἔ8888

8811818181188881811118818188 111 1111818 8811811-18818188 811 1181111818818, 1 1811818 811111
81181811818118181188111 8118111 188818111188118881 1111 1818118181, 18181 1811811881 1 stom 881881 ·
1818888811 181118, 8 18881881118111188818811188181818118 8111118181 1111888118, 11111818111118181 a
818111188181111 8881118 111818118181181, 88111 8 18181 1111111888 88118888 11118 111 8181188111881 8
1881181111881 sym 1181811111 88 8181181811 1188181 88181818 881181 11181 8111111118ς 8 8118118111 8118
881818188181 111 88118111 1111181 181811. 111188181181 8181118 118118111111181888118 1181188811818188-
111111181811,8ο111 8 8118111811111 181188118188181 811111888811888 88 188111111818 11181181188881.
(1908. 110. 81. 118111. 111811· 18811111. 8 11188111111118111111 1811818188 1111111181.)

 

