116 ’111116 .· XI. 1. ez. 11111111119111111 11111111. 11119111. mim-ban.

1111111111111 11111111 1111111 11111111 11111111111111111111111 1 111-
111111111111111111 11 13111111111111111111111111111111111, hogy az ezzel
11111111111111111905. &vi 111111 ho 1-Je 111 1111111111111111111111
1905. 11 1906. 11111111111111111111111111,

111111111111111 11111111111111 111111 11111111111111111111.111111111111 1111111111 1111 1111111111-
111 1111. 1 11111111111111111111111111111111111111111111111111111 11 1 111111111111 11 11111111-
111111, hogy 11111 1 111111111111 1111111 11111111111111111 11111111111111111111111111111. 11 11111
1111111 13111111 1111111111111111 1 11111111 11111111, 1 1111111111811111 1111111. 111111111111
11 11111 magt-1616 111111 11111111 1111111 1111111111 (1811111111, 1111111111. tect.) 111111Ιό11-
1111111111111111111 1111111111, 11111 11 111111111111111111111111111 11111111 1111111111 11111111
1111111 1111 11111111111111111111111111111111111 1111111111111 1111111 1111111111111 1111111111·
ministerium 111111 11 11111111 ιο111111111111111111111 111111111ιὸ1 11 1111 11111111111 1111111111-
1111111, 111111 11111111 11111111111111111111111111111. 11111111 11111111 1111111111 1111111111111111
11111111111111 111111111111111 1111111111 1116 11 1 11111111 11111111 totto. 111111 1111111111-
1111111111111111 11 1111 111111111 1111111 1111111111 1 1111111111 1111111 1111111 1111111111111
11111111 [1111111111 111111111ιὸ1 11 1111111111111 1111111 1161111 11111111 1111 1111111 1111111111
11111111111111111111 11111 1 111111111111131111111111 111111111111111 1111111111 1111111111 11 11111-
111111111111111111111111 1 11111111111111111111111111111111111111-11111111111111111 summum 11111
ιι1111111111)111111111111111111)Ξῖ 'lm ιιιιιῗᾶἓῂξῖξιάἓοῗξ [13111111111111811111111111111111 11111111 ‹agalmata-sn»
melyzete 1111 11111111 'da 111111111111111111, 11111111111111 11111 1111111111 1111111111111 1 111111-
1111 1111111111 11 ’1111161111 111111. 1111111111111111111111111 1111111111-111111111111111 111111111111
111991111111. 1-11. 1111111111 1111111111, 11115. 1111111 1-11 1 111111111111111 ministerium 111-
1111111111111111111111111 11111111, 8111111111111111, 11 1111111111 1111116111111111111111111111111
5 1111111111, 11111111 31. 11111 11111111 u 1111111 1 111. 1111111111 11 1111111111 311 111111 volt 11
15111111111111111111111111 1111111111 111 11111 1111111111 1111111111 1111111111111111111111111111-
1111111111111111111111111111. 11111 1111111 11111 1111111111 11111111111,1 enrici 1111. 5 1111111111
1111. 2 1611111111 1111111111. 9 1111111111 1116 11 1111111111. 11111. 111111 1111111111. 111111 111111
11ιό1 1111111111 11111111 11111151 11111111111111 1 1111111111 11111111111111111111 Ι 1116111111 1111
11111111 111111111111111 1116 1 11111111 1111111ιό 1111111 1111111111 111311111111111 1111111111
1111111 1611111111 1111, 1 111111 11111 11111111 111111111111 111111 1111111111 111 111111111111111 nli)
11111111111111111 111ι111111 11111111111111111111 111111 111. 11111111 1111111111. 1 1111111111111111111
111111111111111111111 1111111111 11. 1111111111 ida 1111111111111 111111111111111 1111111111111111
1111111111 1111111111. 11111111111111111111111111 111. 1111111111 11111111111111111 1111111111
11111111111111 1111111111 11111111111111111111111 111111111111.1111111111 11111111 111111 111111
111111111111111 11111111111111111111111 1111111111 111111 18 1111. Em! 1111111111 ministerium 11111-
11111-111111111111 1111111111 11111111 111111, 1 11 1111117 1111111111 11111111, 8111111111111111.
11 1111111111 111111, 11 1311111111 11 11 {ognimus 1111 1 18 11111111 1111111116 11 1111111 1111111111
11111111 11111111 1111111; 111111111111111111111111111111111111 1111111111 111111161γοί 11111111 111111
1111111 1 1111111111 1111111111 taujai 11111 11111111111 1111111111111111111111111111111111111-
11111 11111111 (1111. 111.. 11. 11111). 111111 1111111111 1111111 1111111111 11 1111111111ςά 1111113111111111-
11116111111111111. 1111111111 11111111111111111111111111111111 1111111111111 unknown 111111
11111111111111111111111111111111111 11111111 1111111111 1111111111 1111111111 6111 1111111111
11111111111111 1 1111111ιό 1111111111 111111111; 11111111116111.1111111111· 1111111111111 igu-
11111111111111111111 11111111111111111, ‘gy 11111111111111111 1111111 11111111 11111111 11.
111111111611111111111 11111111, 11 1 1111111111 11111111 111111111 11 111111111111111111111 11111
1111 111111ιὸ. 1111111 111111111111111111, 1111111111111111 uriom 11111111111111111111111111111
11 1111111111111111 ’1111111ιί 1111111111 11111111111111111111 1 11111111111111111111111
ἰ,1111111111111111111111111111111““11“11111“ 1ῗ1111ῗ’11“1”1111’ἓ11111
1111111. 1111 11 111111111111111111111111 1111111 1111111 11111111111111111 11111111όώ11 11 11 1111
1111111111111111111111, 111111 1111111111 111111111111 11111111 1111611111 11 1111111111
be, 11111111 1111111111 11 mvn: 111111, 11 11 111 111111111ιό 1111111111 11111111111111111 11111-
111111111111111111111111111111111, 11111111 11111 1 1111111111111111,11 11111111 1111 ,1111111
11111111111111ιό1111111111111111111111111111111111111111111111111 1111111111 11 iimtzu 111111
1 1111111311111 1111111111 11111 111111 1111111 111111311111111111111111 n 1111111111111111161 1
1111111111111111111 1 1111111111111 11111111111111 111111111111111111111111111111111 ·
111 1111111111 11161 11 1111111111 11111. Ε 11111111111111 1111111111, 11111 min* 1111111111, a 111111-
111 11 1111111111111111111111111 1111111111111 1111111111 111111111111111111111 inuniunt 11111, u
1111111111111111111111111 11111111 1111111111111111111111111111111111111 1111111111111161111111111111
11111 11111111 11111111111111 11, mint 1111111111111111111 111111111ιὺ1 111111111111 :thum Addig
11111111. 1 mig 11 1 1111111111 1111Ιό111111 11111111111111111111111 1111. nem 111111111111111111111·
11111111111111111111111111. 1111111 111111111111111111111111111 1111111111 1111111111 111Μᾶ111111, mint·
111111111ιό 1111111111111111111111 1111111 111111, 11 1111111111γί 11111111111111 1111111111 1111111111-
1111111111111111 11111111ῑὸ11. 111111111111111111111111111111111111 111111111111111111111111 11111111·
1111. 11111111 111 az 1111111111111111111111111 11111111111111111 1111111111111111111611111,11111)’ά

111 11111.

 

