1906:1. t. 33, A 3133693311331133331111331133131311113313111313333111. 15

33333333 1333333333 131313333331 33 33 31131 3 3311111 31313133133333331
33 33 0.

11. 6111111.

k jelen egyezm6ny 3 3333333313 31133131 11333331333 1133133131 333·
311133 1331333111) 333 33 133133 1333131113 133131.

1133333 33133133331 313133 1131313333 33333 131333331133 11333 1313311.
1333 33311133, 133313313131313333333313333 1313333333, 3131333133
333113 13 33333 1113 1313131331 33 333113 31131 3 3331331 3333111311 333 33
333133, 3 311133 33 3 131313313331311111 3333331111 3113133131 1333113133.

1111111111.

1 33133 3333331333 meg sog 33331113131’ 33 3 313333331ῑό 3111313113-
3131133 3 131313 kegr6videbb 113 31311 11333331131331

16. 611111.

133133 3333313333 1331113331 13333111 3313313331133 133131113133-
131133 3113113333331 8333333333 333311 1331313333311133, 33 311331 33133333
1313313333333131 33333331 331311, 1133131133133 mell6zni 1s 131131.

111331 1113313111 33111313 13331313133331131 133133 3333333333 31313131
33 3133331 311131 31133131.

113111331311311, 1906 3113331313 13 111-’33

13331313 33333331 33 1133333333333 33333331 :

13331313- -111333333333333 3333133313,
(Ρ. 111 111111313313131 .1. s k.
.11311311133.1.,
111111311111133111113. 1.,

,1131111 113311 11113131,
[1313113313. 1.

ae—-x

[1313333111 3131,
1311113131331,
1133.1311333, 1.
1138113131 11331331,

,1113333333 1.,

13131331.

’ςὶῖ-ὶςτεῗ-Ξέῗσῑο
ΞΞΞΞΞΞΙΞΞΞΕΞΞΞ-ἹΞΞΞΙΞΞ
Ῑ-κννζ-κζ-κυκ-κκ-κᾴκν

„vs—E

1. 331113 1333313.
Η3333113 3331133311.
1133111 13331311113111·

1331131 (11113331 33 63331131 (11133311113311
1133331311331331 (Samia)

Erdei· 11333313 3333 3133-133111133313 1531313311.
1133333- -1133313 (strix 11333331 L..)

 

