168 1906 .· XIX. t. cz. A Βόα-811111 1111111111 19111111 ir. 1. 1111111111.

, 11111111111111111111111 1 11111 11111111111111111111111111
11111111111111, 111111111111111111111111111 is, a 11111111111111111
1111111 1111111 minister 1111111111 3 1111111 1111111 postet 1111111111
11111.
Α1111111111111111111111111- 11 1888. 111 tv. 1111111111 li. 1-1131
b) pontja 1111111111 - 1111111111111111111111111111111 minister ren-
11111 uton 1111111111 meg.

111111 111111111111 es 3111111111111 1111 11 11111111 1111 1111111
1111111111 111111111 3 111111 1111111 11111 1111111111111111 1111111111.

16. 5. 1111111111 11111111 111888. 1111111. 111111111111 1111111
1111111111 111 11 111111111111111111111 arra, 1111 3 11111111111111111
1111111111111111111113, 11111111Ιό 11 11111111 111111111111111111111
1111111111111111111111 1111111111 1111111111111, jelen egyse'ges 11111111-
,111111 1111111111 11111111 11111 1111111111111 111111111111131111111111-
111 1111111111111111; mig 1111 1111111111111111111111111 111111 1111-
1111111, 1111111111 1 11111111111111111111111111 1111111111 az egyesitett
11111111111111111111111 1111 11111111111111111 1111111111111111111111,
3 11111111111111111 1111111 1111111 1111111111111111111111111111 11111111
1111111.

Ar. engedelyes 11111111 11 111111 1111111111111111, 1111111111111 11
1111111111·111111111111111111 1111111111 11111111 1111111111111 1111111 11
1888. 111 xxxi. 11111111111111111111111111111113 1111111111 1890. 111
1111111118-11 13115. 11111 111111111111 111111111111111 11 3 11111
1111111111 1 11111111 11111 1811. 11111 1111111111111111 1111111111-
1111111, 1111111111111111111111 11 1111111111 3111111 1111111111, 1111
1111111 111111111111 1111111111111.

1111111111111111111 a vnsntvnnni 1111111- 11 1111111111 111111-
11111111111111111111 1ι15100 1111111111 1111111111 1111111111 111111 111
1111111111 11111111111111 11111111-111 1111111, 1 111111 1111111111
bekezdese 1111111111 11Ιό1 11111111 11111111 11111 11111111ς 1 11111-
1111111 11111ρί1111 irent 11 11111111 sierint 111111111 posta· 11 1111111-
1111111111111, 111111111111 pedire, 111111 11 1111111111111111111111111-
111111 111Ιὸ1 1111111111 111 1111111111111111111111111 akereskede-
temirgyi ministert 1111111 111111 11111111 1111111111, 11111 111111111111
1111111111111111 111111111111111111 1111111111111 11 11111111111111111111.

[1111111111111 11 111111111111111111111111111111111111111 1 1111-
1111111111111111111 1111111111, 11111111, 11· 11111111111111111111-
11111111111 1111111111111111111111111111111 1111111111 11111111 1111111-
gere 1111 posta- 11 [11111111111111111 11111111, 1111111111 1111111111
111111111111; 1111111 1 1111111111 1111 posta· 11 111111111111111111
1111111111 terjedne ki, ez esetben nrindegyik 111111111111111111111111-11
1111111111111111111111111111 11111 1111111111 1111111111 vegeti -1
1111111111 1111111111 111111 1111111 - 111111111111111111111111111111.

111111111111 1111111111 1111111 11111111111111111111 11 111111111111
1111111111111111111111, 11 1111 111111111111111111111111111-
1111 1111111111111111111111111111111 1 1111111111 11111111111111 11
111111 111111111111111111111111111111 nem 11111111 1111111.

Hn 11111111, 11111111Ιό 1111111111 111111111111111111111111111111-
leg n 111111111111111111111 1111111 1111111-1111 1111111111-111111111 is

 

