40 1906 .· VII. t. 13. 1131331113311313331331111 8331131331.

3 11331333331111 311313133 33 33 3 1333133 3113131311 3333311131
31131331 3313131333

3) 1311 333133113131331 1331113111 1131333131 113113131.

Az 3131111) 11133133133 1311 133131133 11131131 3333 11133133313113113
13, 331131 3 333113313331 1313133 3113131333 13331331 1313131 33
3333333131 311311313333313311311333333113131 13133313311131331.

A 33313311 13131 3 1133133331- 3311 3113131333331133111113333133111
31133131 1313333311 131131311311313333111133131333 1131131131131 egy-
3133331.

2. CZAKK.

1331331111131133 33113Ιὸ11, 3331131 33 331131 33313133333 1311
333113133331131 11311333 3131383313313 1313 131113131331 33 3333
13313133 33131131113111311313131 31311 131331 1313333113131.

AB) 331131131133 3311131111 3131331 333133333313113131331 11311333
3131 33 3331131-331131 133131113113 1313 1333111331 33 333313111331131
33131131113111311313131 31311 131331 1313333113131.

A 3331311113131 13133311113331 11311 1333113331311 3311113133113333-
131333333113111131313 1111111111 3313131331 131131131333131 3 1331311-
11333331331113331133113113133133 31131111311 1311131 313333331 1133113.

3131131, 131113133311 3111 3 333131133333111 3113333133 13333311133,
33331 3331333333 33 31331113113331133 331131113331.

A 3131331, 1313313133 3331131 1311 331131 3131 1331111 11133131333
13313331131131 1333331 333113 33311 1113133311331 3131. 1311 3331333331
1133311113313131 3313333331 311.

A mennyiben 3333133 33 111331113-13113131333113 3311 3 81313313

1311 1311131331313331 331333313133 33 3131 3331333333133 1131331
131131133113131331, 3331333331 11333111133131 1313313133311131313333 11
1313 311.
‚ 111113331111331 1131131313 1311 33 3111111331 1311 131113133313, 13111·
33 11313133 131331313131 33 1131133313, 13113 11111311 31131331 1311133113*-
313133 313311 1313313133, 31313 11313133 1311 - 1331113131 31131, 1311·
131113 1333311 11113131 3113Ι; 3311331 333133 33 31113131 33 313333313 13
1313113113, 113 33 111311 131333131 3313131331133113131131.

11311131333131, 131331333131 33 1131133331, 1311 3 133111313131
31131 11311113113331333331 11333111133131 1333311131131333331 3313 11131131-
331. De 13 111 1313313333 11113311, 3113133, 33131311, 311111. 3 333 33
1313 113331111331 1131111333, 11133333.

1113131133 1313111333 33 11331, 131113 3331311111331113333 131131311133
313133 3331311133 131313331313 33313113 13131 31111131 333 313131133131-
131 33111113. 311 3313313313 1-33 11111111313113313111333331131 13111
111313331133131331 13113311333133.

3. cmxx.

111313333 3131, 3133113133 31111 131 1311131313 31 3 313311 33313111
131 131113131111 1111131331, 1311313113 1311131331, 313133 31111311 1113131
3131333133311333331; 111133111 31 3111131 3131 1131313113311, 3131· 13-
13133, 1313133331333113133133 3133. y

 

