166 1906 : XIX: 1. cz. Α 1133311οά33 3333133331 3333311111. 3. 3333131331,

311331331333131 13331313 13313113 1313133333331 33 3331331331 3113133-
333 .

31133131 33 3333311311 3333333131 113313 1111333133 113333 3333331

1111313 3333 31 3 1331313111 6. §ban 333313ρί1311 3311313333 3311331 33 be'-
133333331 1313 103-31 3331313333 13331333 311333 3 1333313331333331
. 333331· 1133131 3131313331 — az 3333331333 13133333 3331311331333 331-
1311- 3 31333333313133313131333 1333311133.

11333 333113, 133 3 1333333333 3 3113333331 33331 33 1133333 hazan
13331313 3311333133 3333313333, 3333 3331313333 -13113131 3311111
313133 33333313311331 11313333313133 - 33 3333311311. 1333133331313313
3333333 13333. ·

Ε33333133313333333 33 3333311311 333311333131 11313131 31333313 313-
13313313 1333131, 11333 3133331331 131331333331 3 133331 13333313333133
3333131131 33331333333133 13333331; 1313333331313133133331 3333331333
1333333 :

1. 111133 31333333 13313333333131, 3313313113113131 3311113133 3333-
331333, 33331131 3 113331 1313313133113 33333313333113313, 1133331 33331
33331313 1333131311 333333333 1313133333 3331111131331, mint 3 13313333-
nygegoglsgldhc'zsglig? Ι(31113113 33113 3133333313 31331311 3333 dijre'sz·
13131 333 133333333133331, 3131 3 3113331333333333 3333131331 1331313
3331111311 13333313 113331 33111 3133 13133313 1333131113 13113 3113333311 3333ς

3. 13333 33 333131 11111131 1313 13333313 1333133133 3313311333131333-
333 3133331 11111131 331333 133 333333133331;

4. 13333 33 31333311 1333133333 3 13111311 1313111133333133331313333-
333 3 3333331133131 31133333313133 3113333 3133 33313 31313333, 11333
3333 133 3331331333331 3113333131, 13133131 33 3131331 13133 33313133 131-
1313131 3 333333 1133131 311331333131131 313311 9. 3. 331313313311313333
33333333 3313113331331 3333333133 3333311 333331333331;

5. 11333 - 3 3331311133 3 333331 11331313113333331311313313 333113-
1333 1333133333 3 13333133313311331 3333331113131 minister 1331331331
1311313333 3133313311333131 33333133 31 —- 3 minister 1113331313 3333-
331333 13333333 33331 111313 333331313131311 33333313 333331313333133313333
1313133133331111331, mint 3 3313 33333131333331133 331333333311133131
3113333331 333313331131333 3333131133 33313 131131;

6. 13333 313 3133333131311133, 3 3313311331 3 333331·1133131311331333131
3311313133 333331, 3333331333 13333333 1113131133 313131313131333113333-
3333 1133131 311333333131131, 1113113 3331131 333313311113313313131111331 33
1133331331131311113331133 3 3333331133131 3113333331 11333333313313-
33313313333333131 133;

7. 11333 3 333333 1133131 31133333313133 3 3333313- 33 3331333133
131131313333 313113133131311 uj 33333333311133, 33131 33331311 1113111133, a
33131311333331 13311111 13333133 1331313331.Ι 3 13133133313311331 333333
1113131 31313131· 1113331333 3311313331 133.

11. 5. 13 31333 3. 3313133133 3331313133311 3113331331 13131311 3333-
331333 13333333 31131 1331113133 33333133 3333 3331 3 1333331 33333 33-
111131111111111 31111111111111111111131111311311113111111
33311333 13333111113131.

 

