22 1906 : 111. t. cz. Α 1111333331. 131339313331333331333133131311.

1119-13 3 113313313313 311 13313331331131331333313113 33 31133 3331-
111311313133113 3133113 131331133131 1313131133333, 3 3311313133 113331
11333331333131133133131 13133333, 1131313333 33311133311331311113311133-

333 13 333131 1331113111 1906. 1333333133 11 31-13 1331311 1311131331
333131311 3133 113113 1131311333311)

1311313133313111 1331111313133133, 1333311111133331131 1907. 131
1333313133 31-13 131, 13 1311113113 1911. 1333333131 3131113 1331311 13-

11131331 3 11331331331311311333131331 133133131331 1333313131331333131-
1133131 111133333.

2 1. 131131313331311133331131 31333133, 1333

1. 33 3313333 3131331111 1906. 131 331133 11 19-13 3 113313313313
31113313331311 11313313333131 33313113313311, 33133131 33 3333113313)-
13333131133 313111131131331331111, 1331111

1331901131311133 11 19-13 3 111313313313 311 13313331311113-
31331333313131133 1311311 113311331 3333311133131 3’3 3331113331133131,
3333333333

1.-33. 33331 33311311311311111 3 133331311313333311133133 33331133111333311331333131111311311
13313313131131113111333131311331333313131131111311. 13 11199. 131 XXX. 1-33111133 3331113311311
33333333313111 13131133 31313311131331 333331 3331311331331 131131311133 33333333113111333133133-
131311 13313313311331331111311 3133113 33331331313313311111331, 13 {gy 313133 3313331 3333, 1333
3 111 111331 1313313331 113111 19111133 1111331111 3133133111. uz 1113311 1133133111111313311 1331113 31-
331 3131131311 3131133 1333131 31, 3133313333 1313311331 3133111113333311,,313133131331111 3
13133 113133133331311313331131133333 3333333313 1333311331. Ε31313311331113131333333, 33313133
1113 3311 113113113131131131331313133333 131 13133 113313313133131 2. 113311. 333113 1131333313
3331131133 3113 3 13331331. U 3333 3 3331333 3333133131131313333131 1331313333 3 1333133 3133333
3333 31333 13, 1333311111113331131 3313 1333111111, 33331133 3 13333131133131331311 33331113313113
31333333331313133311333333, 3 113313313313 1331113 13313113313313 33313133133311311311313113333,
1111131111Ι131101131111211113111111131311311111111 111111111101111113113, 1313113 113 3311333 131 33 'e 3133133
1133313311111313111111313311311 11313333131133113133133 3331131 33331131113331311313333331313,ι
1311313133333131 33333ωὸ33313, ogy 31333133 3133133113113113131333313 31333313131331 33333111-
331131 13333313133331331133133133131 3333533 111311333133311 13 3313111333 31331331313313113131-
33313313111331.1 33333111331 13 3333313331, 1333313113 3311 33133333 3131133113 ,1133133113 3113-
1331111333331. Erre 3333113311 311313313313 1331111 [33131133131331 1331331133. 1333133 133133
131313131 11311331 31133, 1333 3 1333313131333-331111131 1133133331131111 11133313131311133313113131
111 31311 3313313311311133333 13 31311333 33 3331 133 1313131333, ha 3 13333133 3 313313311133
33 33111311 3331113313, 1113133 3333331133131 3 1331311311) 111 31311 113113111311311. 113313133
3 13313133 33331133133133131 333133131331133 3331131133 1311311133313111331.13313111313133313
3331113113 333 131311 a 11331331331313311311. 3 1333331133 33333113111331333311311 13333331333313-
13131 nom 33313 31 33 311313113333 1111133113 3131113133 3131313313ςί 3333333111 3331111313311311.

11333 3331333133 3 33311133113333333113331, 33133131 3 3131133113113113113131131331 13313 311-

33113 111111 marmus 1-133, 11131113,3 3 8311333331 111111 3333111333 31333 31133333 11-333 333 1133,

113331 3333313311, 11311133 313 33, 1333 3331131133331333333 131131311311, 31313 333331 3Ι 3131·
1331111, 3313313133331113113333311133131 13 333331333131 3331313ῑί 1133 11313113113113, 3313333333-
131111131 11313333331, 13 113 3 3333311111 jug 3333333111111 3313 1313111131333, 1333 33 33131311
3333111331133313333313331 31133 3 333311331331133 131331331113331. 3 333333311311333333-

3111111333 1333113111 31 33131133133133 13311331, 3131113333 333311311 3331331313331 33331,
1133 3333 13311 1311131331, 133131331111131131, 11331333333133133331 11311311313133,

A 1133133133331313.’1-3 3333333333 33331333131111 3 8333111331113131311131 13 ,133133331331 1113·
311311 1131313333 133333331311313333113333 33311133311331 113313333 313333 13133313113333 33311 313-
131. (1901311133 29-13. - 16. 33. from.) ,

1113. ministerium 190ss 133. 11. 31111. 111333311133113113 13 11311311313113 3 1131333313
1131133133 33 33133333 313313311131133111 113313131333313131ς 1331111 1111111133. 11. 3171. 11. Ε. sq..
1331.. 3 11333311331313333131 111111 133331. 13 3133333311131 13113333311131), az 31133 1331333333-Ι
1311333131, 33133131 33 111313313331111331 3333331331. 33 01333333113331111111 1333313133 13333331
3333311111 13 11131331333133113313333331131, 3313313133 ingo 13 13331133 133131 1333333333333313 133-
131113133 3333113313 3333331331, 31131 133331111111133331. 1313113131 3333311331. az 0333333333-
331131111133331.13131131313333311331 13 3 8311333331 111111133331. 3333311131ς 1111163113. 11.

——.——--..-.

111 Em 3 1311311111 111111 1333. 31-1311333311113113 3133 33 1111111 111. 1.-33. (1. 31111.)

 

