1906 .· VII. 1. 01. 110000106011010101161160 8061010101. 81

—

11 ’
0511110011 111111010100101600 11113111 110 ·
1110101110011010, 1 ; mmm

6 101101, 110101 (01111’ 00 011611 161- 6
1 110101) 11101010010001
618 1161- 60 001610101010101 1601000101
10001010101, 011000 01101001οῑ01 60
1 0111161; 0110101010 100001111οο 0001
01610100611101001 0 199. 01. 011
1011016160101111110110101; 1601111101 1000000001
6 10111010101111011000 101110 L. osz-
1 11111101.
“ 1111611. 1011 1011100110, 10111100-
100101110, 160111116110100 01011
' 1161110 161611 1101101, 00111101,
161101 (a k6pny0m6iparnak 0199.
’ 01. 011 1011016 160101111111010101
11161011101),110011’01101 0111. 0611,
⁴ 1110110 618. 01 01011011110100010-
· 000 1010100661. 1110101061 0001-
101 0161001016, 0001101001610011161
(0100101011011161 1011 0111016161- “
10111611011016101100011011 1010101
61101010011161 1101100661,
11 01001- 60 01101010010 60 01001-
6 66666626666666
011010 618. 01. 0111011016161101
. 001111101101011 6110100110 00111
1000116.
11601101,001111101,161101 1100110-
1 1101 0111, 0160100 1011 16011100
0110 1616006100101160010,1011
1101111 10160010οὸ1) 00101011111016
1616001100 01 111011οο0 10010
xxix. 0001111001 111016 0110101
0101101 1010100161.
110 0 1601101, 1610001101 0111. 16-
110011100,0101111111100, 1000001100
6 60 0661611100 101010001, 0101611-
11101 00101111 1010606111 0101101
, 11160111001001161 01 01101 is, 10
101010011016101 0 110101101001601-
1011101, 1611011101, 0111. 10001001,
1111001100 1111011000 111111 1101101001
010100106010011100 01011000, 11001-
110 0 01111110 010111 1660100110
010111161101111001 01010 110111100-

manu· 1611101111. 1906.

Ι ,
6

 

